0.01,0.23,-0.56,22.36,32.13,45.60,31.46
0.02,0.22,-0.58,21.48,36.45,45.98,31.47
0.03,0.22,-0.58,19.67,42.38,46.04,31.47
0.04,0.22,-0.60,15.36,46.32,45.92,31.47
0.05,0.22,-0.61,11.54,50.51,45.67,31.47
0.06,0.22,-0.63,7.29,55.13,45.23,31.47
0.07,0.23,-0.65,2.92,60.07,44.79,31.47
0.09,0.24,-0.69,-1.14,65.26,44.29,31.47
0.13,0.25,-0.74,-5.77,72.57,43.79,31.47
0.15,0.25,-0.79,-7.39,76.76,43.73,31.47
0.18,0.24,-0.83,-7.64,80.26,44.23,31.47
0.21,0.23,-0.87,-6.39,83.20,45.42,31.47
0.23,0.22,-0.91,-3.64,85.63,47.67,31.47
0.37,0.19,-0.95,2.67,88.45,52.92,31.47
0.27,0.18,-0.98,7.73,89.70,57.48,31.47
0.29,0.17,-1.01,12.73,90.45,62.42,31.47
0.30,0.16,-1.03,17.04,90.38,67.17,31.47
0.31,0.15,-1.06,20.11,89.26,71.23,31.47
0.32,0.14,-1.08,21.42,85.45,75.54,31.47
0.33,0.13,-1.11,20.48,82.32,77.60,31.47
0.33,0.12,-1.12,18.36,79.57,79.48,31.47
0.34,0.11,-1.13,15.61,77.57,81.54,31.47
0.34,0.10,-1.14,12.86,76.26,83.92,31.47
0.34,0.10,-1.14,10.79,75.38,86.48,31.47
0.33,0.11,-1.16,9.79,73.51,90.35,31.47
0.33,0.12,-1.18,10.61,71.51,92.73,31.47
0.33,0.12,-1.18,12.23,69.07,95.10,31.47
0.33,0.12,-1.19,14.36,66.45,97.54,31.47
0.33,0.12,-1.19,16.79,63.76,99.98,31.47
0.33,0.11,-1.20,20.54,59.88,103.60,31.47
0.33,0.10,-1.20,22.86,57.26,105.79,31.43
0.34,0.10,-1.22,24.73,54.70,107.85,31.43
0.34,0.10,-1.23,26.04,52.20,109.85,31.43
0.34,0.11,-1.24,26.48,49.76,111.67,31.43
0.33,0.12,-1.25,26.04,46.20,114.17,31.43
0.33,0.15,-1.27,23.36,43.70,115.42,31.43
0.32,0.18,-1.28,20.48,40.88,116.17,31.43
0.32,0.21,-1.29,17.11,38.01,116.42,31.43
0.32,0.24,-1.30,13.86,35.76,116.42,31.43
0.32,0.25,-1.31,11.48,35.20,116.54,31.43
0.32,0.26,-1.31,11.04,39.63,118.17,31.43
0.32,0.25,-1.30,13.48,45.45,120.48,31.43
0.32,0.24,-1.31,18.04,50.76,123.42,31.43
0.32,0.23,-1.32,24.11,52.57,126.48,31.43
0.31,0.23,-1.34,30.67,49.82,129.10,31.43
0.30,0.25,-1.36,39.11,39.13,131.48,31.43
0.30,0.26,-1.37,42.73,30.63,132.04,31.43
0.29,0.27,-1.36,44.42,23.01,131.98,31.43
0.28,0.28,-1.35,44.23,17.13,131.48,31.43
0.27,0.28,-1.33,42.42,12.95,130.73,31.43
0.26,0.28,-1.30,39.29,8.63,128.98,31.43
0.24,0.29,-1.27,32.73,6.20,127.35,31.43
0.23,0.31,-1.26,27.29,3.45,125.23,31.43
0.22,0.32,-1.25,21.42,0.20,122.73,31.43
0.22,0.34,-1.25,15.61,-3.37,119.79,31.43
0.21,0.37,-1.25,10.36,-7.12,116.67,31.43
0.20,0.39,-1.25,4.98,-12.68,112.10,31.43
0.20,0.41,-1.25,3.61,-16.18,109.42,31.43
0.20,0.42,-1.25,4.17,-19.12,107.42,31.43
0.20,0.42,-1.25,6.42,-21.68,106.10,31.45
0.20,0.43,-1.25,9.98,-23.80,105.54,31.45
0.19,0.43,-1.24,17.17,-26.24,105.98,31.45
0.19,0.44,-1.23,22.73,-27.43,106.67,31.45
0.19,0.45,-1.23,28.42,-28.12,107.42,31.45
0.18,0.45,-1.22,33.67,-28.62,107.92,31.45
0.17,0.46,-1.21,38.04,-29.12,108.04,31.45
0.16,0.47,-1.20,41.17,-30.49,107.10,31.45
0.15,0.48,-1.18,43.04,-32.24,105.54,31.45
0.14,0.48,-1.17,42.29,-34.62,103.04,31.45
0.13,0.49,-1.15,40.23,-37.43,99.73,31.45
0.12,0.49,-1.14,37.23,-40.18,95.73,31.45
0.11,0.49,-1.11,33.98,-42.62,91.35,31.45
0.10,0.48,-1.08,30.29,-45.24,84.92,31.45
0.09,0.47,-1.06,29.48,-46.30,81.10,31.45
0.08,0.45,-1.03,30.23,-46.93,78.17,31.45
0.08,0.43,-1.01,32.29,-46.99,75.98,31.45
0.08,0.41,-1.00,35.36,-46.49,74.60,31.45
0.08,0.39,-0.98,40.54,-44.74,73.48,31.45
0.08,0.37,-0.98,43.73,-43.18,73.10,31.45
0.09,0.36,-0.98,46.23,-41.80,72.67,31.45
0.09,0.35,-0.99,47.86,-40.93,72.10,31.45
0.10,0.34,-0.99,48.67,-40.93,71.29,31.45
0.10,0.33,-0.99,48.73,-42.24,69.48,31.45
0.11,0.33,-0.98,47.61,-43.68,67.85,31.45
0.11,0.33,-0.98,46.04,-45.18,65.98,31.45
0.11,0.32,-0.97,44.04,-46.62,63.92,31.45
0.10,0.31,-0.96,41.92,-47.87,61.79,31.45
0.10,0.30,-0.95,39.86,-48.87,59.73,31.45
0.10,0.29,-0.94,37.42,-49.55,56.98,31.45
0.09,0.28,-0.94,36.54,-49.30,55.35,31.45
0.09,0.28,-0.93,36.29,-48.55,53.98,31.45
0.09,0.27,-0.94,36.54,-47.49,52.60,31.45
0.10,0.25,-0.94,37.04,-46.43,51.48,31.45
0.10,0.23,-0.95,38.11,-44.87,50.17,31.45
0.11,0.21,-0.96,38.98,-43.87,49.92,31.45
0.12,0.19,-0.97,40.17,-42.93,50.23,31.45
0.13,0.17,-0.98,41.86,-42.05,51.17,31.45
0.14,0.16,-0.99,44.04,-41.30,52.60,31.45
0.14,0.15,-0.99,46.29,-40.74,54.79,31.45
0.14,0.15,-1.00,49.11,-40.18,55.67,31.45
0.14,0.16,-1.01,50.04,-39.99,55.85,31.45
0.14,0.16,-1.01,50.29,-39.74,55.23,31.45
0.13,0.17,-1.01,50.11,-39.37,53.85,31.45
0.13,0.17,-1.02,49.54,-38.74,51.79,31.45
0.13,0.16,-1.03,48.23,-37.87,48.04,31.45
0.13,0.15,-1.04,47.17,-37.68,45.67,31.45
0.13,0.13,-1.04,46.48,-37.74,43.98,31.45
0.14,0.11,-1.04,46.54,-37.74,43.35,31.45
0.14,0.08,-1.04,47.67,-37.24,43.73,31.45
0.15,0.05,-1.04,50.92,-35.55,45.54,31.45
0.16,0.04,-1.04,53.54,-34.37,46.98,31.45
0.16,0.03,-1.06,55.98,-33.62,48.17,31.45
0.17,0.03,-1.07,57.98,-33.55,48.98,31.45
0.17,0.02,-1.09,59.23,-34.12,49.35,31.45
0.17,0.02,-1.10,59.73,-35.18,49.48,31.45
0.18,0.01,-1.11,58.79,-37.74,49.42,31.45
0.17,0.00,-1.11,57.23,-40.05,49.23,31.45
0.17,0.00,-1.11,55.17,-42.80,48.98,31.45
0.15,0.00,-1.10,52.92,-45.68,48.60,31.47
0.14,0.01,-1.08,50.86,-48.18,47.92,31.47
0.12,0.02,-1.06,48.42,-50.43,46.54,31.47
0.11,0.02,-1.04,47.17,-50.80,45.23,31.47
0.10,0.02,-1.03,45.98,-50.55,43.60,31.47
0.09,0.02,-1.03,44.61,-49.99,41.85,31.47
0.09,0.01,-1.02,42.98,-49.37,40.17,31.47
0.08,0.00,-1.01,40.36,-48.55,38.17,31.47
0.08,-0.01,-1.01,38.61,-48.24,37.35,31.47
0.08,-0.02,-1.01,36.98,-48.24,36.92,31.47
0.08,-0.02,-1.01,35.67,-48.43,36.92,31.47
0.07,-0.02,-1.00,34.79,-48.93,37.10,31.47
0.06,-0.03,-1.00,34.42,-49.62,37.60,31.47
0.05,-0.03,-0.99,34.73,-50.99,37.85,31.47
0.04,-0.03,-0.98,35.23,-51.80,38.17,31.47
0.04,-0.04,-0.97,35.86,-52.43,38.60,31.47
0.03,-0.05,-0.96,36.36,-52.80,39.29,31.47
0.03,-0.06,-0.95,36.61,-52.80,40.29,31.47
0.02,-0.06,-0.94,36.54,-52.18,42.17,31.47
0.01,-0.06,-0.93,36.29,-51.24,43.48,31.47
0.01,-0.06,-0.92,35.98,-49.93,44.67,31.47
-0.00,-0.05,-0.92,35.73,-48.30,45.54,31.47
-0.01,-0.04,-0.92,35.61,-46.55,46.10,31.47
-0.02,0.10,-0.92,35.54,-44.12,46.29,31.47
-0.03,-0.02,-0.92,35.54,-42.62,45.98,31.47
-0.04,-0.02,-0.91,35.54,-41.24,45.42,31.47
-0.04,-0.01,-0.91,35.54,-39.93,44.60,31.47
-0.05,-0.01,-0.90,35.42,-38.74,43.54,31.47
-0.05,-0.02,-0.90,35.11,-37.68,41.73,31.47
-0.06,-0.02,-0.89,34.17,-36.37,40.48,31.44
-0.06,-0.03,-0.88,33.17,-35.87,39.29,31.44
-0.05,-0.04,-0.88,31.98,-35.68,38.17,31.44
-0.05,-0.04,-0.88,30.61,-35.74,37.29,31.44
-0.06,-0.05,-0.87,29.17,-35.87,36.73,31.44
-0.06,-0.07,-0.86,27.17,-36.12,36.42,31.44
-0.07,-0.07,-0.84,26.17,-36.12,36.54,31.44
-0.08,-0.08,-0.83,25.67,-35.80,36.79,31.44
-0.09,-0.08,-0.81,25.67,-35.05,37.29,31.44
-0.09,-0.09,-0.80,26.23,-33.87,37.92,31.44
-0.10,-0.09,-0.78,27.48,-31.18,39.17,31.44
-0.10,-0.10,-0.77,28.36,-28.99,40.23,31.44
-0.10,-0.11,-0.76,28.92,-26.74,41.23,31.44
-0.10,-0.12,-0.76,29.17,-24.55,42.17,31.44
-0.11,-0.12,-0.75,28.98,-22.55,42.85,31.44
-0.11,-0.12,-0.74,28.36,-20.80,43.35,31.44
-0.12,-0.13,-0.73,26.48,-18.87,43.17,31.44
-0.12,-0.13,-0.72,24.67,-17.87,42.67,31.44
-0.12,-0.13,-0.71,22.54,-16.99,41.92,31.44
-0.13,-0.13,-0.69,19.98,-15.99,41.04,31.44
-0.13,-0.13,-0.68,16.98,-14.87,40.04,31.44
-0.13,-0.14,-0.67,12.04,-12.93,38.73,31.44
-0.13,-0.14,-0.66,8.67,-11.62,37.98,31.44
-0.13,-0.14,-0.66,5.29,-10.37,37.29,31.44
-0.12,-0.14,-0.65,2.04,-9.37,36.73,31.44
-0.12,-0.14,-0.65,-1.02,-8.68,36.17,31.44
-0.12,-0.14,-0.65,-5.33,-8.05,35.48,31.44
-0.12,-0.14,-0.64,-7.89,-7.62,35.17,31.44
-0.12,-0.13,-0.63,-10.08,-6.99,35.10,31.44
-0.12,-0.13,-0.62,-11.83,-6.12,35.23,31.46
-0.12,-0.13,-0.61,-12.89,-4.93,35.67,31.46
-0.12,-0.13,-0.60,-13.39,-3.30,36.92,31.46
-0.13,-0.13,-0.58,-13.08,-0.24,38.10,31.46
-0.13,-0.13,-0.57,-12.52,2.20,39.48,31.46
-0.13,-0.13,-0.56,-11.96,4.88,40.92,31.46
-0.12,-0.13,-0.56,-11.52,7.70,42.29,31.46
-0.12,-0.13,-0.56,-11.58,10.45,43.54,31.46
-0.11,-0.12,-0.57,-12.77,14.45,44.79,31.46
-0.10,-0.11,-0.58,-14.39,16.76,45.10,31.46
-0.10,-0.10,-0.59,-16.71,18.82,45.04,31.46
-0.09,-0.08,-0.60,-19.58,20.63,44.54,31.46
-0.08,-0.07,-0.62,-22.83,22.26,43.60,31.46
-0.08,-0.07,-0.63,-27.39,24.51,41.73,31.46
-0.07,-0.06,-0.64,-29.89,25.95,40.48,31.46
-0.07,-0.07,-0.66,-31.71,27.38,39.48,31.46
-0.06,-0.07,-0.67,-32.96,28.82,38.85,31.46
-0.05,-0.08,-0.68,-33.77,30.13,38.60,31.46
-0.05,-0.08,-0.70,-34.39,31.20,38.60,31.46
-0.04,-0.09,-0.72,-35.58,32.07,38.79,31.46
-0.03,-0.09,-0.73,-36.77,32.07,38.92,31.46
-0.02,-0.09,-0.74,-38.46,31.70,38.92,31.46
-0.02,-0.08,-0.75,-40.64,31.07,38.67,31.46
-0.02,-0.08,-0.76,-43.14,30.13,38.35,31.46
-0.01,-0.08,-0.76,-47.58,28.57,37.92,31.46
-0.02,-0.09,-0.76,-50.71,27.82,37.85,31.46
-0.02,-0.09,-0.76,-53.83,27.51,38.04,31.46
-0.03,-0.08,-0.77,-56.77,27.82,38.42,31.46
-0.03,-0.08,-0.77,-59.58,28.70,38.92,31.46
-0.04,-0.07,-0.79,-63.89,30.70,39.35,31.45
-0.04,-0.04,-0.80,-66.83,32.13,39.23,31.45
-0.05,-0.03,-0.81,-69.83,33.45,38.79,31.45
-0.05,-0.01,-0.82,-72.77,34.51,38.10,31.45
-0.05,0.01,-0.84,-75.58,35.32,37.17,31.45
-0.04,0.03,-0.85,-78.21,35.88,36.10,31.45
-0.02,0.06,-0.88,-81.08,36.45,34.29,31.45
-0.01,0.08,-0.90,-81.96,36.88,33.29,31.45
0.00,0.09,-0.92,-81.71,37.51,32.67,31.45
0.01,0.09,-0.94,-80.14,38.38,32.67,31.45
0.03,0.09,-0.96,-77.27,39.51,33.42,31.45
0.04,0.09,-0.97,-71.08,41.70,35.73,31.45
0.06,0.08,-0.98,-66.21,43.45,37.92,31.45
0.07,0.07,-1.00,-61.08,45.38,40.35,31.45
0.09,0.06,-1.01,-55.96,47.32,43.17,31.45
0.10,0.05,-1.02,-50.89,48.95,46.35,31.45
0.11,0.03,-1.04,-43.64,50.57,51.67,31.45
0.11,0.01,-1.06,-39.27,50.95,55.29,31.45
0.11,0.01,-1.07,-35.71,50.63,58.54,31.45
0.11,0.01,-1.09,-33.39,49.70,61.10,31.45
0.10,0.02,-1.11,-32.83,48.07,62.48,31.45
0.10,0.03,-1.12,-34.27,45.70,62.60,31.45
0.08,0.05,-1.13,-39.64,40.76,60.29,31.45
0.08,0.07,-1.14,-44.89,36.82,57.48,31.45
0.07,0.08,-1.14,-50.89,32.63,53.98,31.45
0.06,0.09,-1.14,-57.14,28.26,50.17,31.45
0.06,0.10,-1.13,-63.39,23.88,46.42,31.45
0.05,0.12,-1.12,-72.08,17.95,41.23,31.45
0.04,0.13,-1.11,-77.02,14.63,38.29,31.45
0.03,0.13,-1.09,-80.83,12.13,36.04,31.45
0.03,0.14,-1.08,-83.21,10.51,34.48,31.45
0.03,0.14,-1.06,-83.83,9.82,33.85,31.45
0.03,0.14,-1.05,-80.96,10.76,34.92,31.45
0.03,0.14,-1.03,-76.39,12.63,37.10,31.45
0.03,0.14,-1.02,-69.83,15.51,40.42,31.45
0.03,0.14,-1.01,-61.52,19.26,44.73,31.45
0.04,0.14,-1.01,-51.77,23.51,49.60,31.45
0.04,0.15,-1.01,-41.14,28.13,54.67,31.45
0.05,0.17,-1.03,-25.71,34.70,61.23,31.45
0.05,0.18,-1.04,-17.21,38.26,64.17,31.45
0.06,0.19,-1.06,-10.89,40.76,65.60,31.45
0.07,0.20,-1.08,-7.21,42.07,65.54,31.45
0.07,0.20,-1.09,-6.02,42.20,64.10,31.45
0.08,0.18,-1.11,-7.89,40.51,60.35,31.45
0.09,0.17,-1.11,-10.77,38.57,57.29,31.45

