-0.90,-0.28,-0.11,-42.71,24.32,-89.77,31.82
-0.90,-0.30,-0.12,-43.46,23.63,-87.15,31.82
-0.89,-0.32,-0.12,-44.39,22.82,-83.96,31.82
-0.88,-0.34,-0.12,-45.27,22.01,-80.33,31.82
-0.87,-0.36,-0.11,-46.33,20.95,-74.15,31.82
-0.87,-0.38,-0.11,-47.08,20.26,-69.71,31.82
-0.87,-0.39,-0.11,-48.02,19.51,-65.21,31.82
-0.87,-0.40,-0.12,-49.33,18.63,-60.83,31.82
-0.87,-0.40,-0.12,-50.89,17.51,-56.77,31.82
-0.87,-0.41,-0.13,-52.33,16.32,-53.02,31.82
-0.87,-0.41,-0.14,-53.39,14.57,-48.33,31.82
-0.86,-0.42,-0.14,-53.14,13.70,-45.83,31.82
-0.86,-0.43,-0.15,-52.21,13.01,-43.77,31.82
-0.86,-0.44,-0.15,-50.83,12.38,-42.08,31.82
-0.86,-0.45,-0.15,-49.39,11.70,-40.77,31.82
-0.86,-0.46,-0.15,-47.71,10.51,-39.02,31.82
-0.86,-0.47,-0.15,-47.08,9.70,-38.08,31.82
-0.85,-0.48,-0.14,-47.08,9.01,-37.15,31.82
-0.85,-0.48,-0.14,-47.58,8.51,-36.40,31.82
-0.84,-0.49,-0.13,-48.46,8.32,-35.65,31.82
-0.83,-0.50,-0.12,-50.27,8.88,-34.71,31.82
-0.83,-0.52,-0.11,-51.33,9.82,-34.08,31.82
-0.82,-0.53,-0.11,-52.02,11.20,-33.46,31.82
-0.82,-0.54,-0.11,-52.14,12.88,-32.96,31.82
-0.81,-0.55,-0.12,-51.71,14.51,-32.71,31.82
-0.81,-0.56,-0.14,-50.77,15.95,-32.71,31.82
-0.80,-0.58,-0.17,-48.58,17.32,-32.96,31.82
-0.79,-0.60,-0.19,-45.96,17.76,-33.02,31.82
-0.78,-0.63,-0.22,-41.64,18.01,-32.71,31.82
-0.78,-0.66,-0.24,-35.14,18.45,-31.96,31.82
-0.77,-0.69,-0.26,-26.52,19.13,-30.58,31.82
-0.77,-0.74,-0.29,-11.52,20.26,-27.40,31.82
-0.77,-0.76,-0.31,-2.27,20.38,-24.21,31.82
-0.77,-0.78,-0.31,4.79,19.38,-20.02,31.82
-0.77,-0.79,-0.31,8.79,17.07,-14.77,31.82
-0.76,-0.81,-0.31,9.86,13.57,-8.65,31.82
-0.76,-0.82,-0.29,8.48,7.07,1.79,31.82
-0.75,-0.83,-0.27,4.17,2.70,9.17,31.82
-0.75,-0.84,-0.26,1.23,-1.18,16.54,31.82
-0.74,-0.85,-0.25,-0.64,-4.05,23.73,31.82
-0.74,-0.85,-0.24,-1.14,-5.93,30.60,31.82
-0.74,-0.85,-0.24,0.11,-6.68,37.04,31.82
-0.74,-0.85,-0.23,4.67,-6.30,46.04,31.82
-0.73,-0.84,-0.23,8.98,-5.55,51.60,31.82
-0.73,-0.84,-0.23,13.67,-4.87,56.92,31.82
-0.73,-0.82,-0.24,18.29,-4.62,61.98,31.82
-0.73,-0.81,-0.24,22.29,-4.74,66.60,31.82
-0.73,-0.78,-0.24,27.29,-5.74,72.60,31.82
-0.73,-0.76,-0.23,30.11,-6.43,75.60,31.82
-0.74,-0.74,-0.22,32.79,-6.87,77.92,31.82
-0.74,-0.73,-0.21,35.48,-6.74,79.67,31.82
-0.74,-0.72,-0.19,38.36,-5.93,81.10,31.82
-0.74,-0.71,-0.18,57.23,-3.74,83.35,31.79
-0.73,-0.69,-0.16,45.42,-1.93,85.10,31.79
-0.73,-0.68,-0.16,47.79,-0.24,87.23,31.79
-0.73,-0.67,-0.16,49.79,1.07,89.60,31.79
-0.73,-0.66,-0.17,51.54,1.88,92.23,31.79
-0.73,-0.65,-0.17,53.23,2.13,95.10,31.79
-0.74,-0.64,-0.19,55.73,1.45,99.60,31.79
-0.74,-0.62,-0.20,57.04,0.38,102.73,31.79
-0.75,-0.61,-0.20,57.79,-1.05,106.04,31.79
-0.75,-0.60,-0.20,57.67,-2.80,109.60,31.79
-0.76,-0.59,-0.20,56.67,-4.74,113.48,31.79
-0.76,-0.57,-0.18,53.98,-7.49,119.85,31.79
-0.77,-0.56,-0.16,51.79,-8.80,124.23,31.79
-0.78,-0.55,-0.15,49.73,-9.55,128.60,31.79
-0.78,-0.54,-0.14,48.11,-9.74,132.98,31.79
-0.78,-0.53,-0.13,47.48,-9.24,137.17,31.79
-0.79,-0.51,-0.13,47.92,-7.68,143.17,31.79
-0.80,-0.48,-0.13,49.98,-6.49,146.92,31.79
-0.81,-0.46,-0.14,51.48,-5.62,150.29,31.79
-0.82,-0.43,-0.14,52.48,-5.43,153.23,31.79
-0.83,-0.40,-0.15,52.79,-5.99,155.67,31.79
-0.84,-0.38,-0.16,52.54,-7.43,157.48,31.79
-0.85,-0.34,-0.17,51.54,-10.43,158.92,31.79
-0.86,-0.32,-0.17,50.86,-12.55,159.10,31.79
-0.87,-0.30,-0.16,50.29,-14.43,158.79,31.79
-0.87,-0.28,-0.15,49.92,-15.87,158.17,31.79
-0.88,-0.27,-0.14,49.73,-16.68,157.42,31.79
-0.89,-0.26,-0.12,49.04,-16.93,156.29,31.79
-0.89,-0.26,-0.10,47.98,-16.62,155.79,31.79
-0.89,-0.25,-0.09,46.54,-16.05,155.73,31.80
-0.89,-0.25,-0.09,45.23,-15.24,155.98,31.80
-0.89,-0.24,-0.08,44.79,-14.37,156.60,31.80
-0.89,-0.23,-0.08,45.61,-13.18,157.79,31.80
-0.90,-0.21,-0.09,48.36,-12.74,158.54,31.80
-0.90,-0.20,-0.09,50.23,-12.74,159.10,31.80
-0.90,-0.18,-0.10,51.54,-13.37,159.60,31.80
-0.91,-0.17,-0.10,51.98,-14.49,159.92,31.80
-0.91,-0.15,-0.09,51.73,-15.93,160.23,31.80
-0.91,-0.13,-0.08,50.36,-18.05,160.48,31.80
-0.92,-0.12,-0.06,49.17,-19.24,160.60,31.80
-0.92,-0.10,-0.05,47.86,-19.93,160.73,31.80
-0.92,-0.09,-0.03,46.36,-20.30,160.92,31.80
-0.93,-0.07,-0.02,44.73,-20.24,161.17,31.80
-0.93,-0.05,-0.02,42.36,-19.93,161.54,31.80
-0.93,-0.04,-0.02,41.29,-19.74,161.67,31.80
-0.94,-0.02,-0.02,40.98,-19.55,161.67,31.80
-0.94,-0.01,-0.02,41.36,-19.43,161.42,31.80
-0.95,0.01,-0.03,42.11,-19.37,160.98,31.80
-0.96,0.02,-0.03,42.86,-19.24,159.79,31.80
-0.96,0.04,-0.02,42.98,-19.24,158.79,31.80
-0.97,0.06,-0.01,41.98,-19.37,157.67,31.80
-0.97,0.07,-0.00,40.04,-19.55,156.54,31.80
-0.97,0.09,0.01,37.54,-19.80,155.48,31.80
-0.97,0.10,0.02,34.86,-19.99,154.54,31.80
-0.97,0.11,0.02,31.54,-19.87,153.17,31.80
-0.96,0.12,0.03,30.17,-19.49,152.29,31.80
-0.96,0.13,0.03,29.48,-18.93,151.17,31.80
-0.96,0.14,0.03,29.11,-18.49,149.85,31.80
-0.97,0.16,0.03,28.54,-18.24,148.23,31.82
-0.97,0.18,0.03,26.67,-18.74,145.48,31.82
-0.97,0.19,0.04,24.67,-19.43,143.60,31.82
-0.97,0.20,0.04,22.48,-20.24,141.79,31.82
-0.97,0.21,0.05,20.67,-20.93,140.04,31.82
-0.97,0.21,0.06,19.42,-21.18,138.35,31.82
-0.97,0.22,0.06,18.86,-21.05,135.85,31.82
-0.97,0.23,0.07,18.42,-20.12,134.17,31.82
-0.97,0.24,0.08,17.79,-19.30,132.48,31.82
-0.97,0.24,0.09,16.67,-18.49,130.79,31.82
-0.97,0.25,0.10,15.04,-17.68,129.10,31.82
-0.97,0.26,0.11,13.11,-16.80,127.60,31.82
-0.97,0.27,0.12,10.23,-15.24,125.48,31.82
-0.97,0.28,0.12,8.67,-14.05,124.17,31.82
-0.97,0.29,0.12,7.11,-12.99,122.79,31.82
-0.97,0.30,0.12,5.42,-12.18,121.48,31.82
-0.97,0.31,0.11,3.42,-11.74,120.04,31.82
-0.97,0.32,0.11,0.04,-11.74,117.79,31.82
-0.97,0.33,0.10,-2.08,-11.99,116.23,31.82
-0.97,0.33,0.10,-3.71,-12.37,114.54,31.82
-0.97,0.34,0.10,-4.71,-12.74,112.67,31.82
-0.97,0.35,0.10,-5.21,-13.05,110.67,31.82
-0.98,0.35,0.10,-5.39,-13.30,107.17,31.82
-0.98,0.36,0.09,-5.77,-13.74,104.67,31.82
-0.98,0.37,0.09,-6.52,-14.12,101.98,31.82
-0.99,0.38,0.10,-7.71,-14.55,99.23,31.82
-0.99,0.39,0.10,-9.27,-14.87,96.35,31.82
-0.99,0.39,0.11,-10.89,-15.05,93.42,31.82
-0.99,0.41,0.12,-13.02,-14.74,88.54,31.82
-0.99,0.41,0.13,-14.08,-14.18,84.85,31.77
-0.99,0.42,0.13,-14.96,-13.24,80.85,31.77
-0.99,0.43,0.14,-15.71,-12.12,76.48,31.77
-0.99,0.43,0.14,-16.27,-10.93,71.92,31.77
-0.99,0.44,0.15,-16.71,-8.93,64.67,31.77
-0.99,0.45,0.15,-16.64,-7.49,59.73,31.77
-0.99,0.46,0.14,-16.27,-5.99,54.54,31.77
-0.99,0.47,0.14,-15.71,-4.37,49.17,31.77
-1.00,0.48,0.14,-15.14,-2.74,43.54,31.77
-1.00,0.48,0.13,-14.83,-1.18,34.67,31.77
-1.00,0.49,0.12,-15.58,0.82,28.48,31.77
-1.00,0.49,0.12,-16.64,1.76,22.23,31.77
-1.00,0.49,0.12,-17.77,2.57,15.85,31.77
-1.00,0.49,0.12,-18.39,3.45,9.35,31.77
-1.00,0.49,0.12,-18.33,4.57,2.67,31.77
-1.01,0.49,0.12,-17.02,6.76,-7.77,31.77
-1.01,0.49,0.12,-15.64,8.57,-15.02,31.77
-1.01,0.50,0.12,-14.14,10.63,-22.58,31.77
-1.01,0.49,0.12,-12.83,12.76,-30.40,31.77
-1.01,0.49,0.13,-11.96,15.01,-38.33,31.77
-1.01,0.48,0.13,-12.14,18.26,-50.02,31.77
-1.00,0.47,0.13,-13.33,20.20,-57.33,31.77
-1.00,0.45,0.12,-15.27,21.88,-64.21,31.77
-1.00,0.44,0.12,-17.33,23.32,-70.58,31.77
-1.00,0.42,0.12,-19.27,24.51,-76.58,31.77
-0.99,0.40,0.12,-20.71,25.63,-85.02,31.77
-0.99,0.38,0.12,-22.33,27.07,-90.40,31.77
-0.98,0.36,0.11,-23.39,27.88,-95.52,31.77
-0.98,0.35,0.11,-24.64,28.70,-100.40,31.77
-0.97,0.33,0.10,-26.27,29.51,-105.02,31.77
-0.96,0.31,0.10,-28.08,30.51,-109.27,31.79
-0.95,0.28,0.09,-30.58,32.26,-115.02,31.79
-0.95,0.26,0.08,-31.77,33.63,-118.33,31.79
-0.94,0.23,0.08,-32.39,35.07,-121.33,31.79
-0.94,0.21,0.07,-32.27,36.45,-123.90,31.79
-0.93,0.18,0.05,-31.33,37.70,-126.02,31.79
-0.93,0.15,0.04,-28.33,39.32,-128.33,31.79
-0.92,0.11,0.02,-25.89,40.13,-129.33,31.79
-0.92,0.09,0.01,-23.71,40.63,-129.83,31.79
-0.92,0.06,0.00,-22.33,40.70,-129.96,31.79
-0.92,0.04,-0.00,-22.14,40.07,-129.58,31.79
-0.92,0.02,-0.01,-23.14,38.88,-128.15,31.79
-0.92,-0.02,-0.02,-26.64,36.32,-126.65,31.79
-0.91,-0.04,-0.02,-29.96,34.32,-124.65,31.79
-0.91,-0.06,-0.03,-33.77,32.07,-122.40,31.79
-0.91,-0.08,-0.03,-37.77,29.76,-119.83,31.79
-0.90,-0.11,-0.04,-41.83,27.45,-117.08,31.79
-0.89,-0.14,-0.05,-47.39,24.45,-112.77,31.79
-0.89,-0.16,-0.05,-50.71,22.82,-109.83,31.79
-0.89,-0.18,-0.05,-53.64,21.51,-106.90,31.79
-0.88,-0.20,-0.05,-56.46,20.45,-103.90,31.79
-0.88,-0.21,-0.05,-59.39,19.45,-100.90,31.79
-0.87,-0.23,-0.06,-64.27,18.13,-96.15,31.79
-0.87,-0.26,-0.07,-67.27,17.45,-92.71,31.79
-0.86,-0.28,-0.08,-69.27,16.95,-89.02,31.79
-0.85,-0.31,-0.09,-69.52,16.82,-85.21,31.79
-0.85,-0.33,-0.11,-67.83,17.13,-81.52,31.79
-0.85,-0.36,-0.13,-64.33,17.57,-76.71,31.79
-0.85,-0.39,-0.16,-57.21,17.70,-74.02,31.79
-0.85,-0.41,-0.17,-52.64,16.95,-71.65,31.80
-0.85,-0.42,-0.19,-49.14,15.26,-69.46,31.80
-0.85,-0.44,-0.19,-47.33,12.95,-67.15,31.80
-0.85,-0.45,-0.19,-47.27,10.26,-64.46,31.80
-0.84,-0.48,-0.18,-49.14,6.32,-59.71,31.80
-0.83,-0.50,-0.17,-50.71,4.26,-56.02,31.80
-0.83,-0.52,-0.16,-51.96,2.63,-52.08,31.80
-0.82,-0.54,-0.16,-52.89,1.26,-48.08,31.80
-0.82,-0.56,-0.16,-54.02,-0.12,-44.15,31.80
-0.82,-0.57,-0.17,-56.64,-2.74,-38.90,31.80
-0.82,-0.57,-0.18,-58.77,-4.80,-36.02,31.80
-0.82,-0.58,-0.18,-60.46,-6.80,-33.65,31.80
-0.82,-0.59,-0.18,-61.08,-8.43,-31.90,31.80
-0.81,-0.60,-0.18,-60.39,-9.30,-30.77,31.80
-0.81,-0.62,-0.18,-58.27,-9.18,-30.27,31.80
-0.80,-0.65,-0.18,-53.27,-7.30,-30.33,31.80
-0.79,-0.67,-0.18,-49.52,-5.43,-30.52,31.80
-0.79,-0.69,-0.18,-45.89,-3.43,-30.58,31.80
-0.78,-0.72,-0.18,-42.39,-1.49,-30.40,31.80
-0.77,-0.74,-0.19,-38.83,0.26,-29.71,31.80
-0.76,-0.78,-0.19,-32.71,2.88,-27.65,31.80
-0.75,-0.80,-0.20,-27.89,4.70,-25.52,31.80
-0.74,-0.82,-0.21,-22.64,6.45,-22.77,31.80
-0.74,-0.84,-0.22,-17.46,7.70,-19.52,31.80
-0.73,-0.86,-0.23,-13.02,8.07,-15.71,31.80
-0.73,-0.88,-0.24,-8.71,6.63,-8.96,31.80
-0.72,-0.90,-0.25,-7.58,4.20,-3.77,31.80
-0.71,-0.91,-0.25,-7.39,0.95,1.85,31.80
-0.71,-0.91,-0.25,-7.46,-2.62,7.85,31.80
-0.70,-0.92,-0.25,-6.89,-5.80,14.10,31.79
-0.70,-0.92,-0.25,-5.27,-8.24,20.48,31.79
-0.70,-0.91,-0.23,-0.77,-10.05,29.85,31.79
-0.70,-0.90,-0.22,2.92,-10.24,35.98,31.79
-0.70,-0.89,-0.21,6.48,-9.93,41.98,31.79
-0.70,-0.87,-0.20,9.42,-9.62,47.73,31.79
-0.70,-0.86,-0.19,11.48,-9.43,53.23,31.79
-0.70,-0.83,-0.17,13.48,-9.37,60.85,31.79
-0.70,-0.81,-0.16,14.61,-9.24,65.48,31.79
-0.70,-0.79,-0.16,16.04,-8.87,69.67,31.79
-0.71,-0.77,-0.15,17.92,-8.12,73.48,31.79
-0.71,-0.76,-0.15,20.23,-7.05,77.04,31.79
-0.71,-0.74,-0.14,24.04,-5.12,82.10,31.79
-0.72,-0.72,-0.14,26.48,-3.87,85.48,31.79
-0.72,-0.71,-0.14,28.54,-2.93,88.79,31.79
-0.72,-0.69,-0.14,29.98,-2.37,92.23,31.79
-0.72,-0.68,-0.15,30.86,-2.24,95.60,31.79
-0.72,-0.67,-0.15,31.42,-2.43,98.98,31.79
-0.73,-0.64,-0.16,32.48,-3.24,103.73,31.79
-0.74,-0.63,-0.17,33.54,-3.93,106.54,31.79
-0.74,-0.61,-0.17,34.79,-4.68,109.10,31.79
-0.75,-0.60,-0.17,36.17,-5.55,111.42,31.79
-0.75,-0.58,-0.17,37.73,-6.49,113.60,31.79

