0.73,-0.61,0.17,4.04,-15.37,-143.77,31.73
0.73,-0.58,0.16,2.98,-16.18,-145.71,31.73
0.75,-0.54,0.15,2.48,-17.68,-147.83,31.73
0.76,-0.52,0.14,3.48,-18.37,-148.52,31.73
0.76,-0.49,0.13,5.67,-18.68,-148.58,31.73
0.77,-0.46,0.13,8.79,-18.74,-148.15,31.73
0.77,-0.44,0.12,12.54,-18.62,-147.15,31.73
0.78,-0.40,0.10,18.86,-18.37,-145.08,31.73
0.79,-0.37,0.09,23.54,-17.99,-143.21,31.73
0.80,-0.34,0.08,28.73,-17.37,-140.90,31.73
0.80,-0.31,0.08,34.17,-16.49,-138.21,31.73
0.80,-0.28,0.07,39.42,-15.62,-135.21,31.73
0.80,-0.25,0.08,43.86,-15.12,-130.46,31.73
0.80,-0.21,0.09,47.67,-15.80,-127.58,31.73
0.80,-0.18,0.09,47.67,-17.49,-125.21,31.73
0.80,-0.15,0.10,45.67,-19.87,-123.71,31.73
0.80,-0.13,0.10,42.11,-22.49,-123.15,31.73
0.81,-0.12,0.11,37.61,-24.99,-123.71,31.73
0.83,-0.10,0.10,30.42,-27.55,-126.40,31.73
0.84,-0.10,0.10,25.86,-28.43,-129.33,31.73
0.84,-0.09,0.10,21.48,-28.80,-133.15,31.73
0.85,-0.08,0.10,17.29,-29.05,-137.65,31.73
0.86,-0.06,0.09,13.48,-29.30,-142.52,31.73
0.87,-0.02,0.08,8.73,-29.93,-149.77,31.73
0.88,0.02,0.07,6.17,-30.55,-154.21,31.73
0.89,0.06,0.06,3.86,-31.24,-157.96,31.73
0.89,0.11,0.05,1.42,-31.99,-160.96,31.70
0.89,0.16,0.04,-1.39,-32.68,-163.21,31.70
0.89,0.22,0.02,-20.83,-33.05,-165.15,31.70
0.90,0.31,0.00,-10.71,-32.55,-165.40,31.70
0.90,0.38,-0.01,-14.83,-31.12,-164.77,31.70
0.91,0.44,-0.03,-19.02,-28.80,-163.15,31.70
0.91,0.51,-0.04,-23.46,-25.68,-160.27,31.70
0.92,0.57,-0.05,-28.14,-21.99,-156.15,31.70
0.92,0.65,-0.06,-35.33,-15.93,-147.21,31.70
0.93,0.69,-0.07,-39.39,-11.68,-139.40,31.70
0.93,0.72,-0.07,-41.96,-7.30,-130.15,31.70
0.93,0.74,-0.06,-42.14,-2.74,-119.33,31.70
0.93,0.76,-0.05,-39.46,1.82,-107.15,31.70
0.93,0.78,-0.02,-29.77,8.26,-86.27,31.70
0.93,0.79,0.00,-20.08,12.20,-71.15,31.70
0.93,0.80,0.03,-8.71,15.70,-55.40,31.70
0.92,0.80,0.06,3.42,18.76,-39.65,31.70
0.91,0.79,0.10,15.54,20.95,-24.27,31.70
0.90,0.78,0.13,26.98,22.32,-2.90,31.70
0.89,0.76,0.17,41.54,21.76,9.54,31.70
0.88,0.74,0.19,48.86,20.01,20.10,31.70
0.87,0.73,0.21,53.79,17.32,28.73,31.70
0.87,0.72,0.21,56.17,14.01,35.23,31.70
0.86,0.72,0.21,55.86,10.38,39.60,31.70
0.86,0.72,0.19,50.73,5.32,42.85,31.70
0.87,0.73,0.17,45.11,2.76,43.29,31.70
0.87,0.74,0.14,38.67,1.13,42.98,31.70
0.87,0.75,0.12,32.17,0.51,42.42,31.70
0.87,0.76,0.09,26.17,0.82,42.17,31.70
0.87,0.78,0.08,18.04,2.51,43.04,31.70
0.87,0.79,0.08,12.92,3.70,44.60,31.70
0.86,0.80,0.09,7.79,4.38,46.92,31.70
0.86,0.80,0.10,2.79,4.45,49.85,31.70
0.85,0.80,0.12,-1.83,3.95,53.23,31.70
0.85,0.79,0.13,-5.77,2.51,58.79,31.70
0.84,0.78,0.15,-9.83,1.26,62.60,31.70
0.84,0.77,0.17,-11.52,-0.30,66.35,31.70
0.84,0.76,0.18,-12.64,-2.18,70.10,31.70
0.84,0.75,0.19,-13.52,-4.49,73.79,31.70
0.84,0.74,0.20,-14.21,-7.18,77.73,31.70
0.85,0.73,0.19,-14.96,-11.49,84.29,31.70
0.86,0.72,0.18,-15.08,-14.18,89.35,31.70
0.86,0.72,0.16,-14.77,-16.55,95.10,31.70
0.87,0.71,0.14,-14.08,-18.49,101.60,31.70
0.88,0.70,0.12,-12.96,-19.99,108.79,31.70
0.88,0.68,0.10,-10.77,-21.49,120.35,31.70
0.89,0.66,0.09,-9.02,-22.18,128.48,31.70
0.89,0.64,0.08,-6.89,-22.62,136.73,31.70
0.89,0.62,0.08,-4.58,-22.93,144.98,31.70
0.89,0.60,0.08,-2.14,-23.18,153.10,31.70
0.89,0.58,0.08,0.36,-23.49,164.67,31.70
0.89,0.54,0.08,3.54,-23.93,171.73,31.70
0.89,0.51,0.08,4.92,-24.68,177.92,31.70
0.90,0.47,0.07,5.42,-25.99,183.23,31.70
0.91,0.43,0.07,5.17,-27.80,187.60,31.70
0.91,0.40,0.05,4.23,-29.80,191.29,31.70
0.92,0.35,0.03,1.79,-32.37,195.85,31.70
0.93,0.33,0.01,-0.08,-33.43,198.54,31.70
0.93,0.31,-0.01,-1.71,-33.74,201.29,31.70
0.94,0.29,-0.03,-2.77,-33.24,204.23,31.70
0.94,0.27,-0.05,-3.02,-32.12,207.54,31.70
0.94,0.24,-0.08,-1.77,-29.12,213.23,31.70
0.94,0.22,-0.10,-0.02,-26.37,217.35,31.70
0.94,0.20,-0.12,2.04,-23.05,221.42,31.70
0.94,0.17,-0.13,4.04,-19.30,225.29,31.70
0.93,0.15,-0.13,5.54,-15.18,228.67,31.70
0.93,0.13,-0.13,6.29,-11.12,232.73,31.70
0.92,0.09,-0.11,5.73,-5.43,234.54,31.70
0.91,0.05,-0.10,4.36,-2.24,235.79,31.70
0.91,0.02,-0.08,2.29,0.45,236.35,31.70
0.90,-0.01,-0.07,-0.27,2.63,236.48,31.70
0.90,-0.05,-0.06,-3.33,4.20,236.23,31.70
0.90,-0.10,-0.04,-8.39,5.51,235.48,31.70
0.90,-0.14,-0.04,-11.58,5.76,234.85,31.70
0.90,-0.18,-0.05,-14.08,5.70,234.23,31.70
0.90,-0.22,-0.05,-15.52,5.57,233.79,31.70
0.91,-0.26,-0.06,-15.46,5.70,233.54,31.70
0.91,-0.30,-0.07,-12.46,6.95,233.60,31.70
0.90,-0.34,-0.08,-8.64,8.57,233.98,31.70
0.90,-0.37,-0.08,-3.96,10.95,234.60,31.70
0.89,-0.39,-0.08,1.11,13.88,235.29,31.70
0.89,-0.40,-0.08,5.86,17.26,235.92,31.70
0.88,-0.42,-0.08,9.73,20.82,236.35,31.70
0.86,-0.44,-0.07,13.04,25.70,236.23,31.70
0.85,-0.45,-0.05,13.36,28.45,235.67,31.70
0.83,-0.47,-0.04,12.48,30.70,234.73,31.70
0.82,-0.49,-0.02,11.04,32.45,233.48,31.70
0.81,-0.52,-0.00,9.54,33.82,231.92,31.69
0.80,-0.56,0.04,8.11,35.20,229.04,31.69
0.79,-0.58,0.06,7.98,35.51,226.85,31.69
0.78,-0.61,0.09,8.54,35.13,224.54,31.69
0.77,-0.63,0.11,9.61,34.07,222.10,31.69
0.76,-0.65,0.13,11.11,32.26,219.79,31.69
0.75,-0.67,0.16,13.79,28.57,216.73,31.69
0.73,-0.69,0.17,15.79,25.63,215.04,31.69
0.72,-0.70,0.17,17.98,22.76,213.60,31.69
0.71,-0.72,0.17,20.29,20.20,212.23,31.69
0.70,-0.73,0.16,22.48,18.20,210.67,31.69
0.69,-0.75,0.16,24.04,16.82,207.17,31.69
0.68,-0.78,0.15,24.04,15.95,203.42,31.69
0.67,-0.81,0.15,22.04,15.82,198.17,31.69
0.67,-0.84,0.15,18.42,15.88,191.35,31.69
0.66,-0.88,0.15,13.79,16.01,183.04,31.69
0.66,-0.92,0.15,8.92,16.32,173.60,31.69
0.66,-0.97,0.16,2.48,16.88,158.10,31.69
0.66,-1.00,0.16,-0.89,17.32,147.23,31.69
0.66,-1.03,0.17,-3.83,17.63,136.17,31.69
0.65,-1.06,0.18,-6.71,17.57,124.92,31.69
0.65,-1.08,0.19,-10.08,16.95,113.48,31.69
0.64,-1.10,0.20,-16.02,14.95,96.29,31.69
0.64,-1.12,0.19,-20.33,13.20,84.85,31.69
0.64,-1.14,0.19,-24.58,11.45,73.35,31.69
0.64,-1.15,0.18,-28.39,10.07,61.85,31.69
0.64,-1.16,0.17,-31.58,9.13,50.35,31.69
0.65,-1.17,0.17,-33.89,8.70,33.67,31.69
0.65,-1.17,0.17,-35.14,8.51,23.35,31.69
0.64,-1.16,0.17,-34.64,8.45,13.92,31.69
0.64,-1.14,0.18,-33.52,8.26,5.35,31.68
0.64,-1.12,0.18,-32.21,7.95,-2.33,31.68
0.64,-1.10,0.18,-31.21,7.51,-9.40,31.68
0.64,-1.07,0.19,-30.96,6.57,-19.15,31.68
0.64,-1.05,0.19,-31.58,5.70,-25.52,31.68
0.65,-1.04,0.19,-32.58,4.70,-31.83,31.68
0.65,-1.03,0.19,-33.64,3.57,-38.15,31.68
0.65,-1.02,0.19,-34.33,2.38,-44.40,31.68
0.66,-1.01,0.20,-33.96,0.51,-53.46,31.68
0.66,-0.99,0.21,-32.83,-0.80,-59.21,31.68
0.67,-0.97,0.21,-31.21,-2.18,-64.65,31.68
0.67,-0.95,0.22,-29.21,-3.62,-69.83,31.68
0.67,-0.93,0.22,-27.08,-5.24,-74.77,31.68
0.68,-0.91,0.22,-25.21,-6.99,-81.96,31.68
0.69,-0.89,0.21,-22.89,-9.68,-86.71,31.68
0.69,-0.87,0.20,-21.58,-11.30,-91.52,31.68
0.70,-0.86,0.19,-20.02,-12.74,-96.21,31.68
0.71,-0.85,0.18,-18.02,-13.93,-100.71,31.68
0.72,-0.83,0.16,-15.52,-14.74,-104.96,31.68
0.73,-0.81,0.15,-10.96,-15.43,-110.83,31.68
0.74,-0.79,0.14,-7.58,-15.68,-114.52,31.68
0.74,-0.77,0.13,-4.21,-15.93,-117.83,31.68
0.75,-0.74,0.13,-0.89,-16.30,-120.71,31.68
0.75,-0.71,0.14,2.23,-16.99,-123.08,31.68
0.75,-0.68,0.14,6.48,-18.74,-125.52,31.68
0.76,-0.62,0.14,8.73,-20.49,-126.40,31.68
0.76,-0.58,0.14,10.42,-22.55,-126.58,31.68
0.77,-0.54,0.13,11.67,-24.74,-126.15,31.68
0.78,-0.50,0.12,12.86,-26.74,-125.02,31.68
0.79,-0.47,0.10,14.23,-28.37,-122.46,31.67
0.80,-0.43,0.07,16.42,-29.87,-120.40,31.67
0.81,-0.41,0.05,17.61,-30.37,-118.27,31.67
0.82,-0.39,0.04,18.73,-30.74,-116.02,31.67
0.82,-0.37,0.03,19.86,-31.05,-113.83,31.67
0.83,-0.36,0.01,21.23,-31.24,-111.83,31.67
0.84,-0.36,-0.01,23.48,-31.18,-110.15,31.67
0.85,-0.36,-0.02,24.48,-30.68,-110.52,31.67
0.86,-0.38,-0.03,24.23,-29.93,-112.65,31.67
0.87,-0.39,-0.04,22.11,-29.12,-116.83,31.67
0.88,-0.40,-0.05,17.67,-28.55,-123.15,31.67
0.88,-0.40,-0.06,7.04,-29.24,-135.58,31.67
0.89,-0.37,-0.07,-1.27,-30.68,-143.77,31.67
0.91,-0.32,-0.08,-8.52,-32.37,-150.08,31.67
0.92,-0.26,-0.09,-12.96,-33.80,-153.46,31.67
0.93,-0.19,-0.10,-13.52,-34.74,-153.52,31.67
0.94,-0.12,-0.12,-10.27,-35.30,-134.33,31.67
0.95,0.00,-0.13,-0.64,-35.99,-140.27,31.67
0.96,0.08,-0.14,6.92,-36.74,-131.02,31.67
0.98,0.15,-0.14,14.17,-37.43,-120.58,31.67
0.99,0.21,-0.16,20.67,-37.49,-109.71,31.67
1.01,0.26,-0.18,26.36,-36.18,-99.08,31.67
1.03,0.30,-0.20,33.42,-30.18,-84.83,31.67
1.05,0.31,-0.22,37.61,-23.30,-76.96,31.67
1.06,0.31,-0.23,41.48,-14.80,-70.33,31.67
1.06,0.30,-0.23,44.92,-5.68,-64.83,31.67
1.06,0.29,-0.21,47.61,2.82,-60.08,31.67
1.05,0.29,-0.06,49.61,12.63,-53.71,31.67
1.04,0.29,-0.15,49.73,16.76,-49.58,31.67
1.03,0.30,-0.12,49.36,19.01,-45.40,31.68
1.02,0.31,-0.10,49.04,19.95,-41.21,31.68
1.02,0.32,-0.08,49.23,20.13,-37.27,31.68
1.02,0.33,-0.07,49.73,20.07,-33.90,31.68
1.02,0.34,-0.06,50.42,20.26,-30.40,31.68
1.02,0.34,-0.06,50.48,20.82,-29.08,31.68
1.02,0.36,-0.05,50.11,21.88,-28.40,31.68
1.01,0.37,-0.04,49.79,23.38,-27.96,31.68
1.01,0.39,-0.03,49.61,25.32,-27.52,31.68
0.99,0.42,-0.02,49.61,28.51,-26.58,31.68
0.98,0.44,0.00,49.42,30.32,-25.65,31.68
0.97,0.45,0.02,48.86,31.51,-24.52,31.68
0.96,0.46,0.03,47.73,31.95,-23.27,31.68
0.95,0.47,0.04,46.04,31.70,-22.21,31.68
0.94,0.48,0.05,41.92,30.57,-21.58,31.68
0.93,0.49,0.06,37.92,29.63,-22.33,31.68
0.93,0.50,0.06,32.79,28.51,-24.15,31.68
0.93,0.52,0.06,26.67,27.38,-27.02,31.68
0.93,0.54,0.06,19.61,26.26,-30.58,31.68
0.93,0.57,0.06,11.86,25.26,-50.52,31.68
0.93,0.62,0.06,-0.39,24.13,-40.02,31.68
0.93,0.66,0.06,-8.52,23.63,-42.77,31.68
0.92,0.70,0.06,-16.33,23.26,-44.15,31.68
0.91,0.75,0.06,-23.58,23.01,-43.83,31.68
0.91,0.79,0.06,-29.89,22.82,-41.46,31.68
0.90,0.84,0.06,-36.96,22.88,-34.02,31.68
0.89,0.87,0.06,-39.46,23.32,-26.52,31.68
0.89,0.89,0.06,-39.89,23.95,-17.33,31.68
0.89,0.90,0.08,-38.52,24.63,-6.83,31.68
0.88,0.90,0.10,-35.83,25.07,4.67,31.68
0.87,0.89,0.12,-30.77,24.38,23.04,31.70
0.86,0.88,0.16,-27.39,22.76,35.60,31.70
0.85,0.86,0.19,-24.14,20.32,48.04,31.70
0.85,0.84,0.21,-20.89,17.20,60.17,31.70
0.84,0.81,0.23,-17.39,13.63,71.85,31.70
0.84,0.78,0.24,-13.77,9.70,82.85,31.70
0.84,0.74,0.24,-8.39,3.51,97.79,31.70
0.85,0.71,0.24,-5.46,-0.62,106.35,31.70
0.85,0.68,0.23,-3.33,-4.49,113.60,31.70
0.85,0.66,0.21,-2.46,-7.87,119.42,31.70
0.86,0.64,0.19,-3.14,-10.80,123.85,31.70
0.87,0.62,0.16,-7.46,-14.55,128.04,31.70
0.87,0.60,0.14,-12.14,-16.80,129.73,31.70
0.88,0.59,0.12,-17.77,-18.80,130.92,31.70
0.89,0.57,0.10,-23.46,-20.68,132.10,31.70
0.90,0.56,0.08,-28.64,-22.24,133.67,31.70
0.91,0.54,0.06,-34.27,-23.93,137.10,31.70
0.92,0.51,0.03,-36.14,-24.62,140.42,31.70
0.92,0.49,0.01,-36.77,-24.93,144.48,31.70

