-0.86,-0.19,-0.13,40.11,-51.55,277.48,31.64
-0.86,-0.16,-0.12,37.73,-53.30,280.35,31.64
-0.86,-0.12,-0.11,34.04,-55.30,283.29,31.64
-0.85,-0.09,-0.09,29.23,-57.49,286.29,31.64
-0.84,-0.06,-0.07,23.98,-59.55,289.29,31.64
-0.83,-0.03,-0.04,15.92,-61.99,293.98,31.64
-0.83,-0.01,-0.02,10.48,-63.05,297.29,31.64
-0.82,0.01,0.00,4.61,-63.49,301.17,31.64
-0.82,0.03,0.02,-2.02,-63.43,305.73,31.64
-0.81,0.05,0.04,-9.46,-62.99,311.10,31.64
-0.80,0.08,0.05,-21.27,-61.74,320.35,31.64
-0.78,0.10,0.05,-28.89,-60.74,326.85,31.64
-0.77,0.13,0.05,-36.02,-59.68,333.10,31.64
-0.76,0.17,0.04,-42.71,-58.87,338.67,31.64
-0.75,0.20,0.04,-48.96,-58.68,343.23,31.64
-0.73,0.23,0.03,-54.71,-60.68,347.54,31.64
-0.72,0.28,0.03,-61.33,-63.55,348.85,31.64
-0.71,0.32,0.04,-63.58,-67.24,348.85,31.64
-0.71,0.36,0.05,-63.52,-71.12,347.73,31.64
-0.70,0.40,0.07,-61.39,-74.49,345.54,31.64
-0.69,0.44,0.09,-58.02,-76.68,342.23,31.64
-0.68,0.51,0.12,-52.64,-77.49,335.23,31.64
-0.67,0.56,0.15,-49.64,-76.43,329.35,31.64
-0.67,0.60,0.18,-47.33,-74.37,322.48,31.64
-0.66,0.65,0.20,-45.52,-71.55,314.73,31.64
-0.65,0.69,0.23,-43.58,-68.05,306.10,31.64
-0.65,0.74,0.26,-39.14,-61.62,291.73,31.64
-0.64,0.78,0.27,-34.89,-56.68,281.10,31.64
-0.63,0.82,0.27,-29.96,-51.62,269.85,31.62
-0.63,0.86,0.26,-24.96,-46.80,257.92,31.62
-0.63,0.90,0.25,-20.33,-42.68,245.35,31.62
-0.63,0.94,0.23,-16.39,-38.18,225.60,31.62
-0.63,0.99,0.21,-12.02,-36.18,211.79,31.62
-0.62,1.03,0.21,-9.83,-34.80,197.60,31.62
-0.62,1.06,0.20,-7.71,-33.68,182.98,31.62
-0.62,1.09,0.20,-5.14,-32.62,167.85,31.62
-0.62,1.12,0.21,-1.71,-31.37,152.10,31.62
-0.62,1.16,0.22,5.67,-28.74,127.23,31.62
-0.63,1.18,0.24,11.86,-26.24,109.85,31.62
-0.63,1.20,0.25,18.54,-23.05,92.17,31.62
-0.63,1.21,0.27,24.98,-19.24,74.48,31.62
-0.64,1.22,0.29,30.61,-14.99,57.23,31.62
-0.64,1.21,0.31,36.04,-8.62,33.10,31.62
-0.65,1.19,0.31,37.04,-4.62,18.60,31.62
-0.65,1.17,0.32,36.17,-1.12,5.48,31.62
-0.65,1.14,0.31,33.86,1.88,-6.40,31.62
-0.65,1.10,0.30,30.86,4.38,-17.15,31.62
-0.65,1.07,0.29,27.86,7.26,-31.71,31.62
-0.66,1.03,0.27,23.92,8.63,-40.65,31.62
-0.66,1.00,0.27,21.79,9.76,-49.02,31.62
-0.67,0.97,0.26,20.11,10.88,-56.83,31.62
-0.68,0.95,0.27,18.61,12.20,-64.21,31.62
-0.69,0.93,0.27,17.11,13.88,-71.21,31.62
-0.70,0.89,0.28,14.42,17.01,-81.02,31.62
-0.71,0.87,0.29,12.17,19.51,-87.33,31.62
-0.72,0.85,0.29,9.79,22.13,-93.52,31.62
-0.73,0.83,0.29,7.48,25.01,-99.77,31.62
-0.73,0.82,0.29,5.79,28.13,-106.15,31.60
-0.74,0.79,0.28,4.61,33.38,-115.96,31.60
-0.75,0.78,0.27,4.48,37.13,-122.71,31.60
-0.75,0.76,0.26,4.67,40.82,-129.46,31.60
-0.76,0.74,0.24,4.98,44.26,-136.40,31.60
-0.77,0.73,0.23,5.54,47.32,-143.46,31.60
-0.78,0.71,0.21,6.61,49.95,-154.40,31.60
-0.79,0.67,0.18,9.54,53.32,-161.71,31.60
-0.80,0.64,0.17,12.17,55.20,-168.71,31.60
-0.81,0.61,0.16,15.04,57.01,-175.33,31.60
-0.82,0.58,0.14,17.98,58.57,-181.58,31.60
-0.83,0.55,0.13,20.92,59.88,-187.40,31.60
-0.84,0.52,0.11,25.42,60.88,-195.83,31.60
-0.84,0.49,0.09,28.29,60.82,-201.27,31.60
-0.85,0.46,0.08,30.73,60.20,-206.52,31.60
-0.85,0.44,0.07,32.54,59.07,-211.52,31.60
-0.85,0.41,0.06,33.42,57.63,-216.08,31.60
-0.86,0.38,0.05,33.36,55.07,-222.15,31.60
-0.86,0.34,0.04,32.79,53.20,-225.71,31.60
-0.86,0.31,0.04,32.23,51.51,-228.96,31.60
-0.86,0.27,0.04,31.79,50.01,-231.90,31.60
-0.86,0.25,0.04,31.67,48.95,-234.71,31.60
-0.85,0.22,0.04,31.86,48.32,-238.58,31.60
-0.85,0.18,0.05,32.61,48.13,-240.96,31.60
-0.85,0.15,0.05,33.23,48.32,-243.15,31.60
-0.85,0.12,0.05,33.67,48.57,-245.08,31.60
-0.84,0.09,0.06,33.79,48.95,-246.71,31.60
-0.84,0.06,0.06,33.42,49.38,-247.96,31.60
-0.83,0.02,0.05,32.11,50.01,-249.02,31.60
-0.82,-0.02,0.05,30.98,50.51,-249.02,31.63
-0.82,-0.05,0.05,29.73,51.01,-248.33,31.63
-0.81,-0.09,0.05,28.11,51.51,-246.71,31.63
-0.81,-0.13,0.04,26.04,52.01,-244.08,31.63
-0.80,-0.18,0.04,21.54,52.70,-237.90,31.63
-0.79,-0.24,0.04,17.67,53.07,-232.15,31.63
-0.78,-0.29,0.04,13.17,53.51,-225.08,31.63
-0.78,-0.34,0.03,8.29,53.95,-216.65,31.63
-0.77,-0.38,0.03,3.23,54.51,-206.83,31.63
-0.77,-0.43,0.02,-1.83,55.07,-189.83,31.63
-0.76,-0.49,0.00,-9.46,55.51,-177.21,31.63
-0.76,-0.53,-0.02,-14.64,55.20,-163.77,31.63
-0.76,-0.57,-0.04,-19.96,54.07,-149.65,31.63
-0.76,-0.60,-0.07,-25.39,52.01,-135.02,31.63
-0.76,-0.62,-0.09,-30.64,48.88,-120.21,31.63
-0.77,-0.65,-0.13,-37.64,42.88,-97.90,31.63
-0.77,-0.67,-0.16,-41.52,38.26,-83.40,31.63
-0.77,-0.68,-0.18,-44.52,33.32,-69.52,31.63
-0.78,-0.69,-0.21,-46.77,28.26,-56.58,31.63
-0.78,-0.70,-0.22,-47.96,23.07,-44.83,31.63
-0.79,-0.70,-0.23,-47.39,15.63,-29.65,31.63
-0.80,-0.69,-0.23,-45.52,11.20,-21.02,31.63
-0.81,-0.69,-0.23,-43.21,7.32,-13.33,31.63
-0.81,-0.69,-0.22,-41.02,4.07,-6.33,31.63
-0.82,-0.68,-0.20,-39.58,1.38,0.17,31.63
-0.82,-0.68,-0.19,-38.83,-0.87,9.29,31.63
-0.81,-0.68,-0.17,-38.58,-3.55,15.10,31.63
-0.81,-0.69,-0.16,-38.64,-4.93,20.60,31.63
-0.81,-0.69,-0.16,-38.52,-6.05,25.92,31.63
-0.81,-0.70,-0.16,-38.08,-7.12,31.10,31.63
-0.81,-0.71,-0.16,-37.21,-8.05,36.10,31.60
-0.80,-0.74,-0.16,-34.71,-9.30,43.67,31.60
-0.80,-0.75,-0.17,-32.27,-10.12,48.92,31.60
-0.79,-0.77,-0.17,-29.33,-10.87,54.42,31.60
-0.79,-0.78,-0.17,-26.02,-11.74,60.42,31.60
-0.78,-0.80,-0.17,-22.27,-12.80,67.23,31.60
-0.78,-0.82,-0.18,-14.83,-14.68,79.54,31.60
-0.78,-0.84,-0.19,-8.64,-15.99,89.42,31.60
-0.78,-0.86,-0.20,-2.21,-17.37,100.48,31.60
-0.78,-0.86,-0.21,3.29,-18.99,112.67,31.60
-0.78,-0.87,-0.22,7.23,-21.05,125.98,31.60
-0.78,-0.88,-0.23,9.42,-23.87,148.04,31.60
-0.79,-0.88,-0.23,10.48,-29.37,164.04,31.60
-0.80,-0.87,-0.23,9.79,-33.74,180.48,31.60
-0.81,-0.85,-0.23,7.98,-38.37,196.85,31.60
-0.83,-0.82,-0.23,4.98,-43.12,212.42,31.60
-0.84,-0.77,-0.22,0.98,-47.68,226.67,31.60
-0.85,-0.71,-0.21,-5.21,-53.74,244.79,31.60
-0.86,-0.67,-0.21,-7.64,-56.93,254.67,31.60
-0.86,-0.62,-0.21,-7.14,-59.37,262.92,31.60
-0.87,-0.59,-0.22,-3.02,-60.99,269.73,31.60
-0.87,-0.54,-0.24,4.86,-62.05,275.35,31.60
-0.88,-0.50,-0.26,21.73,-63.55,281.79,31.60
-0.89,-0.42,-0.26,33.86,-64.93,285.10,31.60
-0.91,-0.36,-0.26,44.29,-66.99,287.54,31.60
-0.92,-0.30,-0.25,51.29,-69.80,289.29,31.60
-0.93,-0.23,-0.23,53.92,-73.37,290.17,31.60
-0.93,-0.18,-0.19,52.17,-77.30,290.10,31.60
-0.94,-0.10,-0.12,43.92,-82.87,289.23,31.60
-0.93,-0.06,-0.07,37.11,-85.43,287.67,31.61
-0.93,-0.02,-0.02,30.92,-86.49,285.67,31.61
-0.92,0.01,0.02,26.36,-85.74,283.17,31.61
-0.91,0.04,0.06,23.73,-83.30,280.23,31.61
-0.89,0.08,0.09,23.23,-77.43,275.17,31.61
-0.88,0.10,0.10,24.36,-72.87,271.54,31.61
-0.87,0.13,0.10,25.54,-68.62,267.85,31.61
-0.86,0.16,0.10,26.11,-65.12,264.35,31.61
-0.85,0.18,0.09,25.73,-62.55,261.10,31.61
-0.84,0.21,0.08,23.42,-60.49,256.85,31.61
-0.83,0.24,0.08,21.36,-59.74,254.54,31.61
-0.82,0.26,0.08,19.29,-59.12,252.54,31.61
-0.81,0.28,0.09,17.42,-58.37,250.92,31.61
-0.81,0.30,0.10,15.67,-57.37,249.48,31.61
-0.80,0.32,0.11,14.04,-56.18,247.98,31.61
-0.79,0.34,0.13,11.54,-53.74,245.29,31.61
-0.78,0.36,0.15,10.17,-51.62,243.10,31.61
-0.78,0.38,0.16,9.23,-49.05,240.48,31.61
-0.77,0.40,0.17,8.86,-46.12,237.42,31.61
-0.77,0.42,0.19,8.67,-42.80,233.79,31.61
-0.76,0.46,0.20,8.23,-37.49,227.48,31.61
-0.76,0.48,0.21,7.54,-33.93,222.60,31.61
-0.76,0.51,0.21,6.61,-30.30,217.23,31.61
-0.76,0.53,0.22,5.73,-26.68,211.48,31.61
-0.76,0.55,0.22,5.23,-22.99,205.35,31.61
-0.76,0.57,0.21,5.42,-17.62,195.67,31.61
-0.77,0.59,0.21,6.04,-14.24,189.10,31.61
-0.77,0.60,0.19,7.04,-11.05,182.54,31.61
-0.77,0.61,0.18,8.54,-8.30,176.42,31.61
-0.77,0.61,0.17,10.54,-5.93,170.79,31.60
-0.77,0.62,0.15,12.73,-4.12,165.79,31.60
-0.77,0.63,0.13,14.92,-2.62,159.60,31.60
-0.77,0.64,0.13,14.92,-2.43,156.17,31.60
-0.77,0.65,0.12,13.61,-2.74,152.98,31.60
-0.76,0.66,0.13,11.42,-3.37,149.98,31.60
-0.76,0.66,0.14,8.86,-3.80,146.98,31.60
-0.76,0.68,0.16,5.48,-3.62,142.17,31.60
-0.76,0.69,0.18,3.98,-2.62,138.54,31.60
-0.76,0.70,0.19,2.98,-0.93,134.48,31.60
-0.76,0.71,0.20,2.48,1.20,130.04,31.60
-0.77,0.73,0.20,2.17,3.57,124.98,31.60
-0.77,0.74,0.20,1.98,7.38,116.42,31.60
-0.77,0.77,0.20,2.11,9.95,110.04,31.60
-0.78,0.79,0.19,2.54,12.38,103.10,31.60
-0.79,0.81,0.19,3.29,14.70,95.67,31.60
-0.79,0.83,0.18,4.17,16.76,87.73,31.60
-0.80,0.85,0.17,4.98,18.32,63.23,31.60
-0.81,0.88,0.15,5.36,19.70,65.35,31.60
-0.82,0.90,0.14,4.98,19.88,55.42,31.60
-0.83,0.92,0.13,4.29,19.57,44.98,31.60
-0.83,0.93,0.12,3.73,19.07,33.92,31.60
-0.84,0.94,0.11,3.73,18.51,22.17,31.60
-0.84,0.96,0.11,5.42,17.95,2.98,31.60
-0.85,0.97,0.11,7.29,17.76,-10.83,31.60
-0.85,0.97,0.10,9.17,17.63,-25.21,31.60
-0.86,0.97,0.10,10.54,17.63,-39.96,31.60
-0.86,0.97,0.11,11.42,17.70,-54.71,31.60
-0.87,0.96,0.11,12.79,18.13,-76.58,31.60
-0.87,0.94,0.12,14.48,18.70,-90.90,31.62
-0.88,0.93,0.12,16.79,19.63,-105.21,31.62
-0.88,0.92,0.12,19.48,20.76,-119.33,31.62
-0.88,0.90,0.12,21.98,22.07,-133.21,31.62
-0.88,0.88,0.13,23.73,23.57,-162.52,31.62
-0.88,0.84,0.13,24.48,25.95,-164.65,31.62
-0.88,0.81,0.14,23.67,27.70,-175.46,31.62
-0.87,0.77,0.15,21.92,29.51,-185.27,31.62
-0.87,0.73,0.15,19.42,31.45,-194.15,31.62
-0.86,0.68,0.16,16.36,33.45,-202.02,31.62
-0.86,0.61,0.16,11.17,36.57,-212.27,31.62
-0.85,0.56,0.16,7.79,38.88,-218.15,31.62
-0.85,0.51,0.15,4.86,41.07,-223.33,31.62
-0.84,0.47,0.14,2.17,43.01,-227.90,31.62
-0.84,0.42,0.13,-0.27,44.51,-231.83,31.62
-0.84,0.38,0.11,-3.64,46.07,-236.52,31.62
-0.83,0.31,0.09,-5.39,46.82,-238.90,31.62
-0.83,0.26,0.08,-6.14,47.45,-240.71,31.62
-0.83,0.22,0.06,-5.64,48.01,-242.21,31.62
-0.82,0.18,0.05,-3.77,48.45,-243.52,31.62
-0.82,0.15,0.04,-0.96,48.82,-244.71,31.62
-0.82,0.10,0.02,4.29,49.13,-246.46,31.62
-0.82,0.07,0.02,7.67,49.20,-247.40,31.62
-0.82,0.04,0.02,10.29,49.01,-247.90,31.62
-0.82,0.01,0.02,11.42,48.63,-247.83,31.62
-0.81,-0.03,0.02,10.67,48.01,-246.83,31.62
-0.81,-0.09,0.02,5.42,46.76,-243.21,31.62
-0.81,-0.13,0.02,-0.39,45.70,-239.15,31.62
-0.80,-0.17,0.02,-7.39,44.45,-233.65,31.62
-0.80,-0.22,0.01,-14.89,43.13,-226.71,31.62
-0.79,-0.27,-0.00,-22.02,41.88,-218.27,31.64
-0.78,-0.32,-0.02,-31.21,40.38,-203.02,31.64
-0.77,-0.39,-0.03,-35.89,39.63,-191.40,31.64
-0.77,-0.44,-0.04,-39.46,39.13,-178.96,31.64
-0.77,-0.49,-0.05,-41.96,38.63,-165.90,31.64
-0.78,-0.52,-0.06,-43.71,38.07,-152.40,31.64
-0.78,-0.56,-0.07,-45.27,37.13,-138.52,31.64
-0.79,-0.59,-0.10,-48.83,34.57,-117.21,31.64
-0.80,-0.62,-0.13,-52.77,31.70,-102.65,31.64
-0.81,-0.64,-0.15,-58.02,27.70,-87.83,31.64
-0.82,-0.66,-0.18,-63.89,22.70,-72.90,31.64
-0.82,-0.68,-0.19,-69.46,17.13,-57.90,31.64
-0.83,-0.71,-0.21,-74.89,8.57,-35.83,31.64
-0.83,-0.73,-0.22,-75.33,3.38,-21.77,31.64
-0.83,-0.74,-0.22,-72.46,-0.93,-8.65,31.64
-0.84,-0.75,-0.23,-66.33,-4.24,3.54,31.64
-0.84,-0.76,-0.23,-57.71,-6.68,14.54,31.64

