0.07,-1.18,0.37,0.98,60.57,-51.71,31.63
0.08,-1.17,0.39,1.61,53.63,-55.77,31.63
0.07,-1.16,0.39,2.29,47.13,-59.65,31.63
0.07,-1.14,0.38,2.92,41.26,-63.15,31.63
0.07,-1.12,0.37,3.67,35.82,-66.02,31.63
0.07,-1.10,0.36,4.42,30.70,-68.08,31.63
0.06,-1.06,0.35,5.61,23.26,-69.65,31.63
0.07,-1.04,0.35,6.23,18.45,-69.96,31.63
0.07,-1.02,0.34,6.67,13.76,-69.90,31.63
0.08,-1.00,0.34,6.79,8.88,-69.65,31.63
0.09,-0.99,0.34,6.79,3.70,-69.33,31.63
0.10,-0.98,0.34,6.92,-4.49,-69.27,31.63
0.11,-0.97,0.34,7.48,-9.93,-69.58,31.63
0.12,-0.97,0.34,8.67,-15.05,-70.15,31.63
0.12,-0.96,0.33,10.67,-19.87,-70.96,31.63
0.12,-0.96,0.33,13.67,-24.49,-71.71,31.63
0.12,-0.95,0.33,19.79,-31.30,-72.15,31.63
0.12,-0.93,0.33,24.86,-36.05,-71.71,31.63
0.11,-0.92,0.33,30.36,-41.05,-70.58,31.63
0.11,-0.90,0.33,36.17,-46.12,-68.71,31.63
0.11,-0.88,0.32,42.11,-51.18,-66.21,31.63
0.10,-0.87,0.32,47.98,-56.18,-63.15,31.63
0.10,-0.84,0.31,55.98,-63.49,-57.65,31.63
0.10,-0.82,0.30,60.29,-68.43,-53.46,31.63
0.11,-0.81,0.29,63.54,-73.30,-48.96,31.63
0.11,-0.79,0.29,65.54,-78.12,-44.46,31.63
0.11,-0.78,0.28,66.54,-82.74,-40.08,31.63
0.12,-0.78,0.26,66.42,-89.24,-33.96,31.68
0.12,-0.77,0.25,65.61,-93.24,-30.33,31.68
0.13,-0.77,0.24,64.73,-96.99,-27.15,31.68
0.13,-0.77,0.23,64.04,-100.49,-24.40,31.68
0.13,-0.77,0.21,63.73,-103.68,-21.90,31.68
0.13,-0.77,0.20,63.79,-107.99,-18.33,31.68
0.13,-0.76,0.18,64.17,-110.62,-16.02,31.68
0.13,-0.75,0.17,64.61,-113.24,-13.58,31.68
0.13,-0.74,0.15,64.98,-115.93,-11.02,31.68
0.13,-0.72,0.14,65.23,-118.62,-8.40,31.68
0.13,-0.71,0.12,65.36,-121.37,-5.71,31.68
0.13,-0.70,0.09,65.61,-125.30,-1.65,31.68
0.13,-0.68,0.07,66.04,-127.74,1.17,31.68
0.13,-0.67,0.05,66.86,-129.99,4.17,31.68
0.12,-0.65,0.03,67.98,-132.12,7.42,31.68
0.12,-0.64,0.01,69.17,-133.93,11.04,31.68
0.12,-0.61,-0.03,70.67,-136.30,17.23,31.68
0.11,-0.59,-0.06,71.11,-137.62,21.85,31.68
0.11,-0.57,-0.08,70.92,-138.55,26.98,31.68
0.11,-0.56,-0.11,70.17,-139.18,32.60,31.68
0.12,-0.54,-0.14,68.98,-139.43,38.54,31.68
0.12,-0.53,-0.16,66.92,-138.93,47.98,31.68
0.13,-0.52,-0.20,65.48,-137.99,54.23,31.68
0.14,-0.52,-0.22,64.17,-136.68,60.17,31.68
0.14,-0.53,-0.24,63.11,-134.99,65.67,31.68
0.14,-0.54,-0.25,62.29,-133.05,70.73,31.68
0.14,-0.55,-0.27,61.79,-131.12,75.48,31.68
0.14,-0.56,-0.29,61.48,-128.30,82.23,31.68
0.14,-0.57,-0.30,61.11,-126.62,86.60,31.68
0.14,-0.58,-0.32,60.29,-125.05,90.85,31.63
0.14,-0.59,-0.34,58.98,-123.55,94.92,31.63
0.14,-0.60,-0.35,57.11,-122.18,98.79,31.63
0.15,-0.62,-0.38,53.42,-119.74,104.10,31.63
0.15,-0.63,-0.40,50.36,-117.68,107.35,31.63
0.14,-0.64,-0.41,46.98,-115.24,110.54,31.63
0.14,-0.65,-0.42,43.54,-112.49,113.73,31.63
0.13,-0.67,-0.43,40.29,-109.55,116.98,31.63
0.12,-0.69,-0.43,36.04,-104.80,122.04,31.63
0.11,-0.73,-0.43,33.61,-101.55,125.48,31.63
0.10,-0.76,-0.44,31.29,-97.99,128.85,31.63
0.09,-0.79,-0.44,28.98,-94.18,132.10,31.63
0.09,-0.81,-0.45,26.42,-89.93,135.17,31.63
0.09,-0.84,-0.45,23.42,-85.37,137.92,31.63
0.08,-0.87,-0.46,17.61,-77.99,141.54,31.63
0.08,-0.89,-0.47,12.79,-72.99,143.79,31.63
0.08,-0.91,-0.48,7.54,-68.05,145.92,31.63
0.08,-0.92,-0.48,2.42,-63.30,147.92,31.63
0.08,-0.94,-0.48,-2.14,-58.80,149.79,31.63
0.08,-0.95,-0.47,-6.83,-52.49,152.42,31.63
0.08,-0.95,-0.47,-8.14,-48.68,154.29,31.63
0.07,-0.95,-0.47,-8.27,-45.12,156.67,31.63
0.06,-0.95,-0.47,-7.58,-41.49,159.73,31.63
0.04,-0.94,-0.49,-6.58,-37.12,163.85,31.63
0.03,-0.95,-0.52,-5.58,-27.87,171.73,31.63
0.02,-0.98,-0.57,-3.08,-19.30,177.42,31.63
0.02,-1.02,-0.60,-0.14,-9.18,182.23,31.63
0.03,-1.07,-0.62,4.04,2.01,185.35,31.63
0.04,-1.12,-0.62,9.11,13.45,186.23,31.63
0.05,-1.17,-0.60,14.29,24.38,184.79,31.69
0.05,-1.21,-0.55,20.29,38.70,179.10,31.69
0.05,-1.22,-0.52,22.04,46.32,173.98,31.69
0.03,-1.21,-0.49,21.36,52.57,168.92,31.69
0.02,-1.19,-0.46,18.17,57.82,164.73,31.69
-0.01,-1.17,-0.45,12.73,62.51,162.04,31.69
-0.03,-1.15,-0.45,2.23,69.45,160.73,31.69
-0.04,-1.14,-0.45,-4.96,74.38,160.98,31.69
-0.04,-1.14,-0.46,-11.64,79.82,161.35,31.69
-0.04,-1.15,-0.46,-17.64,85.95,161.17,31.69
-0.03,-1.16,-0.46,-22.71,92.76,160.29,31.69
-0.03,-1.17,-0.46,-26.58,103.76,157.73,31.69
-0.03,-1.20,-0.45,-29.33,110.88,155.42,31.69
-0.03,-1.23,-0.43,-28.77,117.38,152.73,31.69
-0.04,-1.25,-0.40,-26.52,123.07,149.73,31.69
-0.04,-1.26,-0.37,-22.96,127.82,146.42,31.69
-0.05,-1.27,-0.34,-18.89,131.63,142.98,31.69
-0.06,-1.26,-0.29,-13.21,135.88,137.79,31.69
-0.07,-1.25,-0.27,-10.39,137.76,134.54,31.69
-0.08,-1.24,-0.25,-8.52,139.01,131.79,31.69
-0.08,-1.23,-0.23,-7.46,139.88,129.42,31.69
-0.09,-1.23,-0.21,-7.21,140.45,127.54,31.69
-0.10,-1.24,-0.19,-8.08,141.13,124.73,31.69
-0.10,-1.26,-0.17,-9.21,141.51,122.35,31.69
-0.09,-1.29,-0.15,-10.58,141.95,119.04,31.69
-0.09,-1.33,-0.14,-12.02,142.51,114.35,31.69
-0.08,-1.36,-0.12,-13.08,143.38,108.35,31.69
-0.07,-1.39,-0.11,-13.58,145.20,97.35,31.69
-0.07,-1.41,-0.09,-12.64,146.88,89.29,31.69
-0.07,-1.41,-0.08,-11.08,148.76,81.17,31.69
-0.07,-1.40,-0.07,-9.21,150.95,73.29,31.64
-0.07,-1.39,-0.06,-7.33,153.26,65.79,31.64
-0.07,-1.38,-0.04,-5.58,155.45,58.85,31.64
-0.07,-1.36,-0.01,-3.27,157.82,49.73,31.64
-0.08,-1.35,0.01,-1.83,158.45,44.67,31.64
-0.09,-1.33,0.04,-0.71,158.13,40.54,31.64
-0.09,-1.31,0.06,-0.21,156.88,37.10,31.64
-0.09,-1.30,0.09,-0.71,154.82,34.04,31.64
-0.08,-1.30,0.13,-3.58,150.57,29.42,31.64
-0.07,-1.31,0.15,-6.83,147.13,25.73,31.64
-0.06,-1.32,0.17,-10.71,143.32,21.35,31.64
-0.05,-1.32,0.19,-14.52,139.32,16.42,31.64
-0.05,-1.33,0.20,-17.77,135.07,11.29,31.64
-0.04,-1.33,0.21,-20.08,128.88,3.85,31.64
-0.03,-1.32,0.21,-20.89,125.13,-0.65,31.64
-0.02,-1.32,0.21,-19.27,121.88,-4.83,31.64
-0.01,-1.32,0.22,-16.08,118.95,-8.90,31.64
-0.01,-1.32,0.22,-11.58,116.13,-12.96,31.64
0.00,-1.32,0.24,-6.58,113.20,-17.27,31.64
0.02,-1.32,0.27,0.29,108.01,-24.77,31.64
0.03,-1.33,0.29,3.73,103.88,-30.77,31.64
0.04,-1.34,0.31,6.11,99.45,-37.46,31.64
0.04,-1.34,0.32,7.54,94.70,-44.65,31.64
0.04,-1.33,0.33,8.17,89.88,-52.02,31.64
0.04,-1.32,0.33,8.11,82.88,-62.46,31.64
0.04,-1.29,0.32,7.67,78.45,-68.52,31.64
0.03,-1.27,0.32,6.98,74.20,-73.58,31.64
0.02,-1.24,0.32,6.04,70.32,-77.58,31.64
0.02,-1.20,0.32,4.86,67.13,-80.71,31.64
0.02,-1.17,0.32,3.73,62.26,-83.27,31.67
0.02,-1.14,0.34,3.54,57.51,-83.46,31.67
0.02,-1.11,0.36,4.79,51.51,-82.77,31.67
0.03,-1.10,0.37,6.54,45.20,-81.96,31.67
0.04,-1.08,0.38,8.29,39.45,-81.40,31.67
0.05,-1.07,0.37,9.73,34.57,-81.15,31.67
0.07,-1.05,0.35,11.54,29.07,-81.15,31.67
0.08,-1.04,0.33,12.92,26.32,-81.15,31.67
0.08,-1.03,0.32,14.54,23.82,-81.08,31.67
0.09,-1.02,0.31,16.29,21.13,-80.71,31.67
0.09,-1.00,0.31,17.73,18.01,-80.02,31.67
0.10,-0.97,0.31,18.92,12.70,-78.65,31.67
0.10,-0.95,0.32,18.92,8.82,-77.46,31.67
0.10,-0.93,0.32,18.48,4.76,-76.02,31.67
0.11,-0.91,0.32,17.79,0.32,-74.15,31.67
0.11,-0.89,0.32,17.04,-4.43,-71.83,31.67
0.12,-0.87,0.32,16.29,-11.80,-67.96,31.67
0.12,-0.85,0.31,15.54,-16.68,-65.21,31.67
0.12,-0.84,0.31,15.54,-21.37,-62.46,31.67
0.13,-0.83,0.31,15.92,-25.93,-59.83,31.67
0.13,-0.82,0.30,16.61,-30.43,-57.21,31.67
0.13,-0.81,0.30,17.54,-34.99,-54.58,31.67
0.13,-0.81,0.29,19.11,-42.05,-50.52,31.67
0.13,-0.80,0.28,20.23,-46.80,-47.77,31.67
0.13,-0.80,0.28,21.67,-51.49,-45.02,31.67
0.14,-0.80,0.26,23.54,-56.05,-42.33,31.67
0.14,-0.79,0.25,25.73,-60.49,-39.77,31.67
0.14,-0.79,0.23,29.42,-66.80,-35.96,31.67
0.15,-0.78,0.22,31.73,-70.80,-33.46,31.67
0.15,-0.77,0.20,33.73,-74.49,-30.96,31.68
0.15,-0.77,0.18,35.29,-77.80,-28.46,31.68
0.16,-0.76,0.17,36.42,-80.87,-25.96,31.68
0.16,-0.75,0.15,37.23,-85.12,-22.15,31.68
0.16,-0.74,0.12,38.11,-87.74,-19.58,31.68
0.17,-0.73,0.11,38.42,-90.30,-16.90,31.68
0.17,-0.72,0.09,38.42,-92.74,-14.02,31.68
0.17,-0.71,0.07,38.11,-94.93,-10.96,31.68
0.17,-0.71,0.05,37.54,-96.80,-7.65,31.68
0.17,-0.70,0.03,36.79,-99.24,-2.40,31.68
0.17,-0.70,0.02,36.48,-100.62,1.04,31.68
0.18,-0.70,0.00,36.48,-101.87,4.48,31.68
0.18,-0.70,-0.01,36.86,-103.12,7.73,31.68
0.18,-0.70,-0.02,37.61,-104.30,10.79,31.68
0.19,-0.69,-0.04,39.29,-105.93,14.98,31.68
0.19,-0.69,-0.05,40.79,-106.80,17.54,31.68
0.20,-0.69,-0.06,42.42,-107.55,19.98,31.68
0.20,-0.68,-0.07,44.17,-108.18,22.42,31.68
0.20,-0.67,-0.08,45.92,-108.74,24.85,31.68
0.20,-0.66,-0.08,47.54,-109.24,28.79,31.68
0.20,-0.65,-0.10,49.17,-109.87,31.48,31.68
0.20,-0.64,-0.11,49.67,-109.99,34.35,31.68
0.20,-0.63,-0.11,49.67,-109.99,37.35,31.68
0.20,-0.62,-0.12,49.42,-109.87,40.60,31.68
0.20,-0.62,-0.13,49.04,-109.80,44.10,31.68
0.19,-0.61,-0.14,48.42,-109.80,49.67,31.68
0.19,-0.61,-0.15,47.86,-109.93,53.60,31.68
0.19,-0.61,-0.15,47.04,-110.24,57.67,31.68
0.18,-0.61,-0.16,45.86,-110.74,61.79,31.68
0.18,-0.62,-0.16,44.23,-111.43,66.04,31.68
0.17,-0.62,-0.16,41.17,-112.62,72.60,31.67
0.16,-0.64,-0.17,38.86,-113.37,77.10,31.67
0.16,-0.65,-0.17,36.54,-113.99,81.67,31.67
0.15,-0.67,-0.18,34.48,-114.37,86.17,31.67
0.14,-0.70,-0.19,32.73,-114.18,90.54,31.67
0.14,-0.73,-0.21,31.36,-113.24,96.29,31.67
0.14,-0.77,-0.24,30.23,-110.12,99.42,31.67
0.14,-0.80,-0.26,30.23,-106.99,101.92,31.67
0.14,-0.83,-0.28,30.86,-103.49,103.79,31.67
0.14,-0.85,-0.29,32.04,-99.99,105.10,31.67
0.15,-0.87,-0.30,33.36,-96.80,106.10,31.67
0.15,-0.88,-0.30,34.92,-92.55,107.17,31.67
0.15,-0.89,-0.31,35.48,-89.99,107.85,31.67
0.15,-0.89,-0.31,35.73,-87.55,108.54,31.67
0.15,-0.88,-0.31,35.67,-85.18,109.35,31.67
0.15,-0.88,-0.31,35.61,-82.80,110.48,31.67
0.14,-0.87,-0.31,35.73,-79.12,112.85,31.67
0.14,-0.87,-0.31,36.04,-76.55,114.85,31.67
0.13,-0.87,-0.31,36.36,-73.80,117.04,31.67
0.13,-0.88,-0.31,36.48,-70.99,119.29,31.67
0.13,-0.89,-0.31,36.17,-68.12,121.48,31.67
0.12,-0.90,-0.30,35.61,-65.37,124.10,31.67
0.12,-0.93,-0.30,34.54,-61.55,125.42,31.67
0.11,-0.94,-0.30,33.86,-59.12,126.29,31.67
0.11,-0.95,-0.30,33.11,-56.80,126.92,31.67
0.10,-0.96,-0.31,32.23,-54.49,127.42,31.67
0.10,-0.97,-0.31,31.17,-52.05,127.73,31.67
0.10,-0.97,-0.32,28.79,-48.12,127.98,31.67
0.10,-0.98,-0.33,26.61,-45.05,127.98,31.67
0.11,-0.98,-0.34,23.86,-41.55,127.79,31.67
0.11,-0.99,-0.35,21.04,-37.68,127.48,31.67
0.11,-0.99,-0.35,18.36,-33.49,127.10,31.67
0.11,-1.00,-0.36,15.42,-26.87,126.60,31.67
0.10,-1.00,-0.36,14.29,-22.37,126.54,31.67
0.09,-1.01,-0.36,13.86,-17.93,126.73,31.67
0.09,-1.01,-0.35,14.04,-13.55,127.10,31.67
0.09,-1.01,-0.35,14.61,-9.37,127.54,31.67
0.09,-1.02,-0.34,15.42,-5.37,128.29,31.67
0.09,-1.02,-0.33,16.61,0.51,128.79,31.67
0.09,-1.03,-0.33,17.29,4.26,129.23,31.67
0.08,-1.03,-0.32,18.11,7.82,129.67,31.67
0.08,-1.04,-0.31,19.04,11.07,130.04,31.67
0.08,-1.06,-0.30,20.23,14.07,130.23,31.67
0.07,-1.07,-0.29,21.73,18.20,130.23,31.67
0.07,-1.08,-0.29,22.11,21.01,130.10,31.67
0.07,-1.09,-0.29,21.79,24.01,129.85,31.67
0.07,-1.09,-0.29,21.04,27.45,129.54,31.67

