0.20,-0.72,-0.27,-36.71,-140.74,135.85,31.41
0.19,-0.73,-0.27,-33.96,-137.12,140.60,31.41
0.19,-0.73,-0.26,-30.08,-131.93,144.23,31.41
0.19,-0.72,-0.26,-26.02,-124.99,147.73,31.41
0.19,-0.72,-0.27,-20.64,-112.74,150.17,31.41
0.18,-0.72,-0.29,-16.83,-104.37,153.79,31.41
0.17,-0.73,-0.30,-12.02,-96.37,158.73,31.41
0.15,-0.74,-0.31,-5.71,-88.55,164.29,31.41
0.14,-0.77,-0.31,1.92,-80.55,169.67,31.41
0.13,-0.83,-0.29,14.29,-67.12,175.17,31.41
0.13,-0.87,-0.27,21.92,-56.87,176.29,31.41
0.13,-0.91,-0.24,28.17,-45.87,175.17,31.41
0.12,-0.94,-0.22,32.86,-34.87,172.29,31.41
0.11,-0.96,-0.20,36.23,-24.55,168.42,31.41
0.10,-0.97,-0.17,39.67,-11.62,162.29,31.41
0.06,-0.99,-0.16,41.29,-4.87,158.92,31.41
0.03,-0.99,-0.15,42.48,0.45,156.60,31.41
0.01,-1.00,-0.14,43.23,4.51,155.48,31.41
-0.02,-1.00,-0.12,43.67,7.45,155.42,31.41
-0.03,-1.01,-0.11,44.04,9.45,156.67,31.39
-0.05,-1.04,-0.09,44.98,11.26,157.60,31.39
-0.05,-1.06,-0.07,45.98,12.01,158.10,31.39
-0.06,-1.09,-0.06,47.23,12.63,157.85,31.39
-0.06,-1.11,-0.05,48.79,12.95,156.85,31.39
-0.07,-1.13,-0.04,50.61,12.95,155.10,31.39
-0.07,-1.15,-0.05,53.29,12.63,151.73,31.39
-0.08,-1.15,-0.05,54.42,12.88,149.42,31.39
-0.08,-1.14,-0.06,54.48,13.95,147.23,31.39
-0.09,-1.14,-0.07,53.42,15.95,145.17,31.39
-0.09,-1.14,-0.08,51.29,18.82,143.04,31.39
-0.10,-1.14,-0.09,46.36,24.32,139.35,31.39
-0.10,-1.16,-0.10,42.11,28.57,136.10,31.39
-0.11,-1.18,-0.10,37.23,33.20,132.10,31.39
-0.12,-1.19,-0.10,31.79,37.88,127.60,31.39
-0.13,-1.20,-0.10,25.86,42.63,123.17,31.39
-0.13,-1.20,-0.10,19.36,47.32,116.67,31.39
-0.13,-1.19,-0.10,9.04,54.26,112.29,31.39
-0.12,-1.18,-0.09,2.42,58.88,107.54,31.39
-0.11,-1.18,-0.09,-3.46,63.38,102.54,31.39
-0.11,-1.18,-0.09,-8.08,67.57,97.42,31.39
-0.11,-1.18,-0.08,-11.14,71.26,92.48,31.39
-0.12,-1.19,-0.08,-13.02,75.95,85.98,31.39
-0.12,-1.18,-0.08,-12.77,78.76,82.48,31.39
-0.13,-1.18,-0.07,-11.52,81.38,79.85,31.39
-0.14,-1.17,-0.07,-9.58,83.95,77.98,31.39
-0.14,-1.17,-0.06,-6.96,86.32,76.85,31.39
-0.15,-1.16,-0.05,-1.89,89.57,76.17,31.39
-0.16,-1.16,-0.05,2.23,91.57,76.04,31.39
-0.16,-1.17,-0.04,6.86,93.57,75.85,31.39
-0.16,-1.17,-0.05,12.04,95.95,75.48,31.38
-0.15,-1.18,-0.05,17.67,98.88,74.73,31.38
-0.15,-1.19,-0.06,23.67,102.63,73.42,31.38
-0.14,-1.20,-0.07,32.79,109.88,70.35,31.38
-0.13,-1.20,-0.07,38.42,115.63,67.67,31.38
-0.13,-1.20,-0.07,43.17,121.82,64.48,31.38
-0.14,-1.19,-0.06,46.54,128.01,60.92,31.38
-0.14,-1.18,-0.05,48.17,133.82,57.17,31.38
-0.16,-1.18,-0.02,47.11,141.45,51.17,31.38
-0.18,-1.18,-0.00,44.17,145.57,46.79,31.38
-0.19,-1.19,0.02,39.86,149.01,41.98,31.38
-0.20,-1.20,0.04,34.79,151.95,36.73,31.38
-0.20,-1.22,0.06,29.67,154.70,30.98,31.38
-0.20,-1.23,0.07,23.73,159.70,22.23,31.38
-0.20,-1.25,0.08,22.17,163.95,16.67,31.38
-0.20,-1.26,0.09,22.98,168.88,11.79,31.38
-0.20,-1.26,0.10,26.04,173.88,7.67,31.38
-0.21,-1.26,0.12,30.61,178.26,4.10,31.38
-0.21,-1.25,0.15,35.73,181.38,0.92,31.38
-0.22,-1.24,0.21,42.54,183.07,-3.58,31.38
-0.22,-1.23,0.26,45.67,182.07,-6.52,31.38
-0.22,-1.21,0.30,47.29,179.57,-9.46,31.38
-0.22,-1.19,0.34,47.54,175.82,-12.15,31.38
-0.22,-1.18,0.36,46.86,171.45,-14.52,31.38
-0.21,-1.17,0.39,45.04,164.63,-17.27,31.38
-0.21,-1.16,0.40,43.92,160.32,-18.65,31.38
-0.20,-1.15,0.41,42.73,156.07,-19.71,31.38
-0.20,-1.15,0.42,41.36,151.95,-20.71,31.38
-0.19,-1.15,0.42,39.67,148.32,-22.08,31.38
-0.18,-1.16,0.43,37.23,144.63,-25.08,31.38
-0.16,-1.18,0.44,36.61,143.38,-27.77,31.38
-0.16,-1.19,0.45,37.23,142.70,-30.96,31.38
-0.15,-1.20,0.46,38.86,142.07,-34.46,31.38
-0.15,-1.19,0.48,40.67,140.76,-38.08,31.38
-0.15,-1.18,0.51,41.61,138.32,-41.71,31.38
-0.15,-1.16,0.56,40.17,131.76,-46.96,31.38
-0.15,-1.15,0.60,37.36,125.51,-50.21,31.38
-0.15,-1.14,0.63,33.86,117.88,-53.33,31.38
-0.15,-1.15,0.65,30.67,109.13,-56.27,31.38
-0.14,-1.15,0.67,28.54,99.76,-59.21,31.38
-0.13,-1.15,0.69,27.73,85.20,-63.40,31.38
-0.12,-1.14,0.69,28.54,75.88,-66.08,31.38
-0.11,-1.12,0.69,29.79,67.26,-68.58,31.38
-0.11,-1.10,0.68,30.98,59.38,-70.83,31.38
-0.10,-1.07,0.67,31.61,52.26,-72.77,31.38
-0.09,-1.04,0.67,30.92,42.88,-74.96,31.38
-0.08,-1.00,0.65,29.36,37.32,-75.96,31.38
-0.07,-0.98,0.65,27.04,32.07,-76.71,31.38
-0.06,-0.96,0.64,24.29,27.13,-77.21,31.38
-0.06,-0.95,0.63,21.29,22.32,-77.46,31.38
-0.05,-0.94,0.63,18.29,17.38,-77.46,31.38
-0.04,-0.94,0.62,14.04,9.76,-77.08,31.38
-0.03,-0.94,0.61,11.61,4.45,-76.65,31.38
-0.02,-0.94,0.61,9.48,-0.93,-76.08,31.38
-0.01,-0.93,0.60,7.79,-6.30,-75.52,31.38
0.01,-0.92,0.60,6.48,-11.55,-74.96,31.38
0.02,-0.91,0.59,5.23,-19.30,-74.21,31.38
0.04,-0.89,0.59,4.54,-24.49,-73.77,31.38
0.04,-0.87,0.58,3.73,-29.87,-73.21,31.39
0.05,-0.86,0.58,2.67,-35.49,-72.52,31.39
0.06,-0.84,0.58,1.23,-41.37,-71.52,31.39
0.06,-0.82,0.45,-1.27,-50.68,-69.27,31.39
0.07,-0.80,0.57,-3.08,-56.93,-67.08,31.39
0.08,-0.78,0.55,-4.64,-62.93,-64.40,31.39
0.09,-0.78,0.53,-5.71,-68.30,-61.08,31.39
0.10,-0.77,0.51,-5.58,-72.74,-57.27,31.39
0.11,-0.77,0.48,-4.02,-76.05,-53.08,31.39
0.12,-0.77,0.43,1.17,-78.93,-46.21,31.39
0.13,-0.77,0.40,6.04,-79.74,-41.08,31.39
0.14,-0.78,0.38,11.42,-80.18,-35.65,31.39
0.14,-0.77,0.36,16.61,-80.55,-30.08,31.39
0.14,-0.77,0.35,21.23,-81.05,-24.58,31.39
0.15,-0.76,0.34,26.04,-81.87,-17.08,31.39
0.15,-0.75,0.34,27.86,-82.49,-12.90,31.39
0.16,-0.75,0.34,28.79,-83.37,-9.33,31.39
0.17,-0.75,0.34,29.11,-84.55,-6.33,31.39
0.17,-0.74,0.35,29.11,-86.24,-3.90,31.39
0.18,-0.74,0.35,28.67,-89.49,-1.02,31.39
0.19,-0.73,0.35,28.23,-91.93,0.54,31.39
0.19,-0.72,0.35,27.86,-94.30,2.04,31.39
0.19,-0.70,0.35,27.61,-96.62,3.60,31.39
0.20,-0.69,0.35,27.67,-98.93,5.48,31.39
0.20,-0.67,0.34,28.04,-101.24,7.79,31.39
0.20,-0.64,0.33,29.04,-104.74,12.23,31.39
0.20,-0.62,0.32,29.86,-106.93,15.79,31.39
0.20,-0.60,0.31,30.54,-108.93,19.79,31.39
0.20,-0.59,0.30,30.98,-110.68,23.98,31.39
0.20,-0.57,0.29,31.11,-112.37,28.42,31.40
0.19,-0.55,0.28,30.73,-114.87,35.48,31.40
0.19,-0.54,0.27,29.98,-116.93,40.60,31.40
0.18,-0.54,0.27,28.86,-119.55,46.10,31.40
0.18,-0.53,0.26,27.36,-122.68,52.23,31.40
0.17,-0.53,0.25,25.67,-126.30,58.79,31.40
0.16,-0.53,0.25,23.11,-131.93,69.04,31.40
0.15,-0.54,0.23,21.67,-135.30,75.73,31.40
0.15,-0.55,0.22,20.54,-138.12,81.98,31.40
0.15,-0.57,0.21,19.86,-140.24,87.60,31.40
0.15,-0.58,0.20,19.73,-141.62,92.73,31.40
0.15,-0.59,0.18,20.23,-142.55,97.60,31.40
0.14,-0.60,0.16,20.92,-143.55,104.79,31.40
0.13,-0.59,0.15,20.17,-144.30,109.79,31.40
0.12,-0.58,0.13,17.42,-145.24,115.10,31.40
0.11,-0.56,0.12,12.36,-146.18,120.85,31.40
0.10,-0.54,0.09,5.11,-146.93,127.17,31.40
0.09,-0.50,0.05,-8.52,-147.05,137.73,31.40
0.09,-0.49,0.02,-18.14,-146.05,145.29,31.40
0.09,-0.50,-0.01,-27.02,-143.99,152.92,31.40
0.09,-0.52,-0.03,-34.08,-140.99,160.29,31.40
0.10,-0.56,-0.05,-38.52,-137.24,166.92,31.40
0.09,-0.61,-0.06,-39.52,-131.18,174.79,31.40
0.09,-0.69,-0.07,-37.27,-127.37,178.35,31.40
0.08,-0.75,-0.07,-33.89,-123.99,180.48,31.40
0.08,-0.79,-0.08,-30.33,-120.93,181.29,31.40
0.07,-0.83,-0.10,-27.08,-117.80,180.92,31.40
0.08,-0.87,-0.12,-24.02,-114.05,179.73,31.40
0.08,-0.91,-0.17,-18.89,-106.55,176.98,31.40
0.07,-0.92,-0.20,-14.96,-100.18,174.92,31.40
0.06,-0.92,-0.23,-11.21,-93.12,173.23,31.39
0.05,-0.92,-0.25,-8.52,-85.80,172.17,31.39
0.03,-0.92,-0.25,-7.39,-78.68,171.98,31.39
0.02,-0.92,-0.25,-8.71,-68.93,172.98,31.39
0.01,-0.93,-0.24,-11.02,-63.37,173.73,31.39
0.01,-0.94,-0.23,-13.46,-58.62,173.92,31.39
0.02,-0.96,-0.21,-15.27,-54.55,172.98,31.39
0.02,-0.98,-0.20,-15.58,-50.68,170.79,31.39
0.02,-1.00,-0.18,-13.21,-44.62,165.42,31.39
0.02,-1.04,-0.15,-10.46,-40.18,160.85,31.39
0.00,-1.05,-0.13,-7.89,-35.49,155.98,31.39
-0.01,-1.06,-0.11,-6.33,-30.87,151.17,31.39
-0.03,-1.07,-0.10,-6.21,-26.93,146.98,31.39
-0.06,-1.06,-0.10,-7.39,-24.24,143.85,31.39
-0.08,-1.07,-0.11,-10.27,-22.49,141.42,31.39
-0.09,-1.08,-0.12,-11.64,-22.30,141.04,31.39
-0.10,-1.10,-0.13,-11.89,-22.30,141.04,31.39
-0.11,-1.12,-0.14,-10.58,-21.87,141.04,31.39
-0.11,-1.14,-0.15,-8.08,-20.74,140.92,31.39
-0.11,-1.18,-0.16,-3.52,-17.68,140.42,31.39
-0.11,-1.20,-0.16,-0.96,-14.80,139.73,31.39
-0.11,-1.23,-0.16,0.79,-11.43,138.48,31.39
-0.11,-1.25,-0.16,1.73,-7.87,136.48,31.39
-0.11,-1.26,-0.16,2.17,-4.37,133.60,31.39
-0.10,-1.27,-0.16,2.04,0.70,127.92,31.39
-0.09,-1.26,-0.15,0.86,3.82,123.60,31.39
-0.08,-1.25,-0.15,-0.39,6.82,119.35,31.39
-0.07,-1.23,-0.15,-1.96,9.95,115.42,31.39
-0.07,-1.21,-0.15,-3.46,13.07,112.04,31.39
-0.08,-1.20,-0.15,-4.96,16.13,109.23,31.38
-0.09,-1.19,-0.15,-6.52,20.32,106.04,31.38
-0.09,-1.19,-0.14,-7.02,22.70,104.42,31.38
-0.10,-1.19,-0.14,-7.14,24.63,103.04,31.38
-0.10,-1.20,-0.14,-6.96,26.32,101.67,31.38
-0.11,-1.21,-0.14,-6.52,27.82,100.17,31.38
-0.11,-1.22,-0.14,-4.89,30.13,97.54,31.38
-0.11,-1.22,-0.15,-3.14,32.07,95.42,31.38
-0.10,-1.22,-0.16,-0.83,34.63,93.04,31.38
-0.10,-1.21,-0.17,1.73,38.01,90.54,31.38
-0.09,-1.20,-0.17,4.36,42.01,87.92,31.38
-0.08,-1.18,-0.17,6.73,49.01,83.79,31.38
-0.08,-1.15,-0.17,9.36,53.76,81.10,31.38
-0.08,-1.14,-0.15,10.42,58.45,78.29,31.38
-0.08,-1.12,-0.14,10.98,62.70,75.48,31.38
-0.08,-1.09,-0.12,11.23,66.57,72.73,31.38
-0.08,-1.07,-0.11,11.36,70.20,70.29,31.38
-0.09,-1.03,-0.09,11.42,75.51,67.54,31.38
-0.09,-1.01,-0.08,11.73,79.13,66.35,31.38
-0.10,-0.99,-0.07,12.42,82.76,65.60,31.38
-0.10,-0.99,-0.06,13.54,86.20,64.98,31.38
-0.11,-0.99,-0.05,15.42,89.13,64.29,31.38
-0.11,-1.01,-0.03,19.61,92.38,62.79,31.38
-0.11,-1.02,-0.02,23.36,94.26,61.29,31.38
-0.11,-1.03,-0.01,27.67,96.45,59.42,31.38
-0.11,-1.04,0.00,32.04,99.32,57.29,31.38
-0.11,-1.05,0.01,36.23,103.01,55.29,31.38
-0.11,-1.06,0.03,55.92,108.51,53.17,31.38
-0.13,-1.06,0.06,44.67,111.20,52.29,31.38
-0.13,-1.06,0.08,47.36,113.26,51.23,31.37
-0.14,-1.07,0.10,49.67,115.32,49.60,31.37
-0.13,-1.09,0.11,51.54,118.20,47.23,31.37
-0.13,-1.11,0.11,53.23,122.26,44.23,31.37
-0.12,-1.15,0.10,55.79,130.76,38.98,31.37
-0.12,-1.17,0.10,57.11,137.51,34.98,31.37
-0.12,-1.19,0.11,57.67,144.63,30.54,31.37
-0.12,-1.20,0.13,56.79,151.45,25.60,31.37
-0.13,-1.21,0.16,54.23,157.45,20.35,31.37
-0.13,-1.21,0.20,47.42,164.20,12.54,31.37
-0.13,-1.21,0.24,41.54,166.70,7.67,31.37
-0.14,-1.20,0.28,35.23,167.38,3.29,31.37
-0.14,-1.20,0.31,29.29,166.32,-0.58,31.37
-0.14,-1.20,0.34,24.29,163.82,-3.83,31.37
-0.13,-1.21,0.36,20.98,158.38,-7.65,31.37
-0.13,-1.23,0.37,20.29,154.45,-9.65,31.37
-0.13,-1.24,0.38,22.67,150.51,-11.40,31.37
-0.13,-1.25,0.38,26.73,146.88,-13.08,31.37
-0.12,-1.25,0.39,31.36,143.38,-14.77,31.37
-0.12,-1.25,0.40,35.48,139.88,-16.58,31.37
-0.11,-1.24,0.42,39.17,134.38,-19.58,31.37
-0.11,-1.23,0.43,40.04,130.45,-21.77,31.37
-0.10,-1.23,0.44,40.04,126.26,-24.08,31.37
-0.09,-1.23,0.45,39.73,122.01,-26.46,31.37
-0.09,-1.23,0.46,39.29,117.63,-28.96,31.37
-0.09,-1.22,0.48,38.29,110.95,-33.08,31.37

